3.80E-09
3.80E-09
3.80E-09
3.80E-09
3.80E-09
3.80E-09
3.80E-09
3.80E-09
3.80E-09
3.80E-09
3.80E-09
3.80E-09
3.80E-09
3.80E-09
3.80E-09
3.80E-09
3.80E-09
3.80E-09
3.80E-09
3.80E-09
3.80E-09
3.80E-09
3.80E-09
3.80E-09
3.80E-09
3.80E-09
3.80E-09
3.80E-09
3.80E-09
3.80E-09
3.80E-09
3.80E-09
3.79E-09
3.79E-09
3.79E-09
3.78E-09
3.78E-09
3.78E-09
3.77E-09
3.77E-09
3.77E-09
3.76E-09
3.76E-09
3.76E-09
3.75E-09
3.75E-09
3.75E-09
3.74E-09
3.74E-09
3.74E-09
3.74E-09
3.74E-09
3.74E-09
3.75E-09
3.75E-09
3.75E-09
3.75E-09
3.75E-09
3.76E-09
3.76E-09
3.77E-09
3.77E-09
3.78E-09
3.78E-09
3.78E-09
3.79E-09
3.79E-09
3.80E-09
3.80E-09
3.81E-09
3.81E-09
3.81E-09
3.82E-09
3.82E-09
3.82E-09
3.82E-09
3.83E-09
3.83E-09
3.83E-09
3.83E-09
3.83E-09
3.83E-09
3.83E-09
3.84E-09
3.83E-09
3.84E-09
3.84E-09
3.84E-09
3.84E-09
3.84E-09
3.84E-09
3.84E-09
3.84E-09
3.84E-09
3.84E-09
3.84E-09
3.84E-09
3.84E-09
3.84E-09
3.84E-09
3.84E-09
3.84E-09
3.84E-09
3.84E-09
3.84E-09
3.84E-09
3.84E-09
3.84E-09
3.84E-09
3.84E-09
3.84E-09
3.84E-09
3.84E-09
3.84E-09
3.84E-09
3.84E-09
3.84E-09
3.84E-09
3.84E-09
3.84E-09
3.84E-09
3.84E-09
3.84E-09
3.84E-09
3.84E-09
3.84E-09
3.84E-09
3.84E-09
3.84E-09
3.84E-09
3.84E-09
3.84E-09
3.84E-09
3.84E-09
3.83E-09
3.84E-09
3.84E-09
3.84E-09
3.83E-09
3.83E-09
3.83E-09
3.83E-09
3.83E-09
3.83E-09
3.83E-09
3.83E-09
3.83E-09
3.83E-09
3.83E-09
3.83E-09
3.83E-09
3.83E-09
3.83E-09
3.83E-09
3.83E-09
3.83E-09
3.83E-09
3.83E-09
3.83E-09
3.83E-09
3.83E-09
3.83E-09
3.83E-09
3.83E-09
3.83E-09
3.83E-09
3.83E-09
3.83E-09
3.83E-09
3.82E-09
3.83E-09
3.83E-09
3.82E-09
3.82E-09
3.83E-09
3.83E-09
3.82E-09
3.82E-09
3.82E-09
3.82E-09
3.82E-09
3.82E-09
3.82E-09
3.82E-09
3.82E-09
3.82E-09
3.82E-09
3.82E-09
3.82E-09
3.82E-09
3.82E-09
3.82E-09
3.82E-09
3.82E-09
3.82E-09
3.82E-09
3.82E-09
3.82E-09
3.82E-09
3.82E-09
3.82E-09
3.82E-09
3.82E-09
3.82E-09
3.82E-09
3.82E-09
3.81E-09
3.82E-09
3.81E-09
3.81E-09
3.81E-09
3.81E-09
3.81E-09
3.81E-09
3.81E-09
3.81E-09
3.81E-09
3.81E-09
3.81E-09
3.81E-09
3.81E-09
3.81E-09
3.81E-09
3.81E-09
3.81E-09
3.81E-09
3.81E-09
3.81E-09
3.81E-09
3.81E-09
3.81E-09
3.81E-09
3.81E-09
3.81E-09
3.81E-09
3.81E-09
3.81E-09
3.81E-09
3.81E-09
3.81E-09
3.81E-09
3.81E-09
3.81E-09
3.81E-09
3.81E-09
3.81E-09
3.81E-09
3.81E-09
3.81E-09
3.81E-09
3.81E-09
3.81E-09
3.81E-09
3.81E-09
3.81E-09
3.81E-09
3.81E-09
3.81E-09
3.81E-09
3.81E-09
3.81E-09
3.81E-09
3.81E-09
3.81E-09
3.81E-09
3.81E-09
3.81E-09
3.81E-09
3.81E-09
3.81E-09
3.81E-09
3.81E-09
3.81E-09
3.81E-09
3.81E-09
3.81E-09
3.81E-09
3.81E-09
3.81E-09
3.81E-09
3.81E-09
3.81E-09
3.81E-09
3.81E-09
3.81E-09
3.81E-09
3.81E-09
3.81E-09
3.81E-09
3.81E-09
3.81E-09
3.81E-09
3.81E-09
3.81E-09
3.81E-09
3.81E-09
3.81E-09
3.81E-09
3.81E-09
3.81E-09
3.81E-09
3.81E-09
3.81E-09
3.80E-09
3.81E-09
3.81E-09
3.81E-09
3.81E-09
3.81E-09
3.81E-09
3.80E-09
3.80E-09
3.81E-09
3.81E-09
3.81E-09
3.80E-09
3.80E-09
3.80E-09
3.81E-09
3.80E-09
3.80E-09
3.80E-09
3.80E-09
3.80E-09
3.80E-09
3.80E-09
3.80E-09
3.80E-09
3.80E-09
3.80E-09
3.80E-09
3.80E-09
3.80E-09
3.80E-09
3.80E-09
3.80E-09
3.80E-09
3.80E-09
3.80E-09
3.80E-09
3.80E-09
3.80E-09
3.80E-09
3.80E-09
3.80E-09
3.80E-09
3.80E-09
3.80E-09
3.80E-09
3.80E-09
3.80E-09
3.80E-09
3.80E-09
3.80E-09
3.80E-09
3.80E-09
3.80E-09
3.80E-09
3.79E-09
3.80E-09
3.79E-09
3.79E-09
3.79E-09
3.79E-09
3.79E-09
3.79E-09
3.79E-09
3.79E-09
3.79E-09
3.79E-09
3.79E-09
3.79E-09
3.79E-09
3.79E-09
3.79E-09
3.79E-09
3.79E-09
3.79E-09
3.79E-09
3.79E-09
3.79E-09
3.79E-09
3.79E-09
3.79E-09
3.79E-09
3.79E-09
3.79E-09
3.79E-09
3.79E-09
3.79E-09
3.79E-09
3.79E-09
3.79E-09
3.78E-09
3.78E-09
3.78E-09
3.78E-09
3.78E-09
3.78E-09
3.78E-09
3.78E-09
3.78E-09
3.78E-09
3.78E-09
3.78E-09
3.78E-09
3.78E-09
3.78E-09
3.78E-09
3.78E-09
3.78E-09
3.78E-09
3.78E-09
3.78E-09
3.78E-09
3.78E-09
3.78E-09
3.78E-09
3.78E-09
3.78E-09
3.78E-09
3.78E-09
3.78E-09
3.78E-09
3.78E-09
3.78E-09
3.78E-09
3.78E-09
3.78E-09
3.78E-09
3.77E-09
3.77E-09
3.78E-09
3.77E-09
3.77E-09
3.77E-09
3.77E-09
3.77E-09
3.77E-09
3.77E-09
3.77E-09
3.77E-09
3.77E-09
3.77E-09
3.77E-09
3.77E-09
3.77E-09
3.77E-09
3.77E-09
3.77E-09
3.77E-09
3.77E-09
3.77E-09
3.77E-09
3.77E-09
3.77E-09
3.77E-09
3.77E-09
3.77E-09
3.77E-09
3.77E-09
3.77E-09
3.77E-09
3.77E-09
3.77E-09
3.77E-09
3.76E-09
3.76E-09
3.77E-09
3.76E-09
3.77E-09
3.76E-09
3.76E-09
3.76E-09
3.76E-09
3.76E-09
3.76E-09
3.76E-09
3.76E-09
3.76E-09
3.76E-09
3.76E-09
3.76E-09
3.76E-09
3.76E-09
3.76E-09
3.76E-09
3.76E-09
3.76E-09
3.76E-09
3.76E-09
3.76E-09
3.76E-09
3.76E-09
3.76E-09
3.76E-09
3.75E-09
3.76E-09
3.76E-09
3.76E-09
3.76E-09
3.76E-09
3.76E-09
3.76E-09
3.75E-09
3.75E-09
3.76E-09
3.75E-09
3.75E-09
3.75E-09
3.75E-09
3.75E-09
3.75E-09
3.75E-09
3.75E-09
3.75E-09
3.75E-09
3.75E-09
3.75E-09
3.75E-09
3.75E-09
3.75E-09
3.75E-09
3.75E-09
3.75E-09
3.75E-09
3.75E-09
3.75E-09
3.75E-09
3.75E-09
3.75E-09
3.75E-09
3.75E-09
3.75E-09
3.75E-09
3.75E-09
3.75E-09
3.75E-09
3.75E-09
3.75E-09
3.75E-09
3.75E-09
3.75E-09
3.75E-09
3.75E-09
3.75E-09
3.74E-09
3.75E-09
3.75E-09
3.74E-09
3.75E-09
3.74E-09
3.75E-09
3.74E-09
3.74E-09
3.75E-09
3.74E-09
3.74E-09
3.74E-09
3.75E-09
3.74E-09
3.74E-09
3.74E-09
3.74E-09
3.74E-09
3.74E-09
3.74E-09
3.74E-09
3.74E-09
3.74E-09
3.74E-09
3.74E-09
3.74E-09
3.74E-09
3.74E-09
3.74E-09
3.74E-09
3.74E-09
3.74E-09
3.74E-09
3.74E-09
3.74E-09
3.74E-09
3.74E-09
3.74E-09
3.74E-09
3.74E-09
3.74E-09
3.74E-09
3.74E-09
3.74E-09
3.74E-09
3.74E-09
3.74E-09
3.74E-09
3.74E-09
3.74E-09
3.74E-09
3.74E-09
3.73E-09
3.74E-09
3.74E-09
3.74E-09
3.74E-09
3.73E-09
3.74E-09
3.73E-09
3.73E-09
3.73E-09
3.73E-09
3.73E-09
3.73E-09
3.73E-09
3.73E-09
3.73E-09
3.73E-09
3.73E-09
3.73E-09
3.73E-09
3.73E-09
3.73E-09
3.73E-09
3.73E-09
3.73E-09
3.73E-09
3.73E-09
3.73E-09
3.73E-09
3.73E-09
3.73E-09
3.73E-09
3.73E-09
3.73E-09
3.73E-09
3.73E-09
3.73E-09
3.73E-09
3.73E-09
3.73E-09
3.73E-09
3.73E-09
3.73E-09
3.73E-09
3.73E-09
3.73E-09
3.73E-09
3.73E-09
3.72E-09
3.73E-09
3.73E-09
3.72E-09
3.72E-09
3.72E-09
3.72E-09
3.73E-09
3.72E-09
3.72E-09
3.72E-09
3.72E-09
3.72E-09
3.72E-09
3.72E-09
3.72E-09
3.72E-09
3.72E-09
3.72E-09
3.72E-09
3.72E-09
3.72E-09
3.72E-09
3.72E-09
3.72E-09
3.72E-09
3.72E-09
3.72E-09
3.72E-09
3.72E-09
3.72E-09
3.72E-09
3.72E-09
3.72E-09
3.72E-09
3.72E-09
3.72E-09
3.72E-09
3.72E-09
3.72E-09
3.72E-09
3.72E-09
3.72E-09
3.72E-09
3.72E-09
3.72E-09
3.72E-09
3.72E-09
3.72E-09
3.72E-09
3.72E-09
3.72E-09
3.72E-09
3.72E-09
3.72E-09
3.72E-09
3.72E-09
3.72E-09
3.72E-09
3.72E-09
3.72E-09
3.72E-09
3.71E-09
3.72E-09
3.72E-09
3.71E-09
3.71E-09
3.72E-09
3.71E-09
3.71E-09
3.71E-09
3.71E-09
3.71E-09
3.71E-09
3.71E-09
3.71E-09
3.71E-09
3.71E-09
3.71E-09
3.71E-09
3.71E-09
3.71E-09
3.71E-09
3.71E-09
3.71E-09
3.71E-09
3.71E-09
3.71E-09
3.71E-09
3.71E-09
3.71E-09
3.71E-09
3.71E-09
3.71E-09
3.71E-09
3.71E-09
3.71E-09
3.71E-09
3.71E-09
3.71E-09
3.71E-09
3.71E-09
3.71E-09
3.71E-09
3.71E-09
3.71E-09
3.71E-09
3.71E-09
3.71E-09
3.71E-09
3.71E-09
3.71E-09
3.71E-09
3.71E-09
3.70E-09
3.71E-09
3.71E-09
3.71E-09
3.71E-09
3.71E-09
3.70E-09
3.71E-09
3.70E-09
3.71E-09
3.70E-09
3.70E-09
3.70E-09
3.70E-09
3.70E-09
3.70E-09
3.70E-09
3.70E-09
3.70E-09
3.70E-09
3.70E-09
3.70E-09
3.70E-09
3.70E-09
3.70E-09
3.70E-09
3.70E-09
3.70E-09
3.70E-09
3.70E-09
3.70E-09
3.70E-09
3.70E-09
3.70E-09
3.70E-09
3.70E-09
3.70E-09
3.70E-09
3.70E-09
3.70E-09
3.70E-09
3.70E-09
3.70E-09
3.70E-09
3.70E-09
3.70E-09
3.70E-09
3.70E-09
3.70E-09
3.70E-09
3.70E-09
3.70E-09
3.70E-09
3.69E-09
3.69E-09
3.69E-09
3.69E-09
3.69E-09
3.69E-09
3.69E-09
3.69E-09
3.69E-09
3.69E-09
3.69E-09
3.69E-09
3.69E-09
3.69E-09
3.69E-09
3.69E-09
3.69E-09
3.69E-09
3.69E-09
3.69E-09
3.69E-09
3.69E-09
3.69E-09
3.69E-09
3.69E-09
3.69E-09
3.69E-09
3.69E-09
3.69E-09
3.69E-09
3.69E-09
3.69E-09
3.69E-09
3.69E-09
3.69E-09
3.69E-09
3.69E-09
3.69E-09
3.69E-09
3.69E-09
3.69E-09
3.69E-09
3.69E-09
3.69E-09
3.69E-09
3.69E-09
3.69E-09
3.69E-09
3.69E-09
3.69E-09
3.69E-09
3.68E-09
3.68E-09
3.68E-09
3.68E-09
3.68E-09
3.68E-09
3.68E-09
3.68E-09
3.68E-09
3.68E-09
3.68E-09
3.68E-09
3.68E-09
3.68E-09
3.68E-09
3.68E-09
3.68E-09
3.68E-09
3.68E-09
3.68E-09
3.68E-09
3.68E-09
3.68E-09
3.68E-09
3.68E-09
3.68E-09
3.68E-09
3.68E-09
3.68E-09
3.68E-09
3.68E-09
3.68E-09
3.68E-09
3.68E-09
3.68E-09
3.68E-09
3.68E-09
3.68E-09
3.68E-09
3.68E-09
3.68E-09
3.68E-09
3.68E-09
3.68E-09
3.68E-09
3.68E-09
3.68E-09
3.68E-09
3.68E-09
3.67E-09
3.68E-09
3.68E-09
3.68E-09
3.68E-09
3.67E-09
3.68E-09
3.67E-09
3.68E-09
3.68E-09
3.67E-09
3.68E-09
3.68E-09
3.68E-09
3.68E-09
3.67E-09
3.67E-09
3.67E-09
3.68E-09
3.68E-09
3.67E-09
3.67E-09
3.67E-09
3.68E-09
3.67E-09
3.67E-09
3.67E-09
3.67E-09
3.67E-09
3.67E-09
3.67E-09
3.67E-09
3.67E-09
3.67E-09
3.67E-09
3.67E-09
3.67E-09
3.67E-09
3.67E-09
3.67E-09
3.67E-09
3.67E-09
3.67E-09
3.67E-09
3.67E-09
3.67E-09
3.67E-09
3.67E-09
3.67E-09
3.67E-09
3.67E-09
3.67E-09
3.67E-09
3.67E-09
3.67E-09
3.67E-09
3.67E-09
3.67E-09
3.67E-09
3.67E-09
3.67E-09
3.67E-09
3.67E-09
3.67E-09
3.67E-09
3.67E-09
3.67E-09
3.67E-09
3.67E-09
3.67E-09
3.67E-09
3.67E-09
3.67E-09
3.67E-09
3.67E-09
3.67E-09
3.67E-09
3.67E-09
3.67E-09
3.67E-09
3.67E-09
3.66E-09
3.66E-09
3.66E-09
3.67E-09
3.67E-09
3.66E-09
3.66E-09
3.67E-09
3.66E-09
3.67E-09
3.66E-09
3.66E-09
3.66E-09
3.66E-09
3.66E-09
3.66E-09
3.66E-09
3.66E-09
3.66E-09
3.66E-09
3.66E-09
3.66E-09
3.66E-09
3.66E-09
3.66E-09
3.66E-09
3.66E-09
3.66E-09
3.66E-09
3.66E-09
3.66E-09
3.66E-09
3.66E-09
3.66E-09
3.66E-09
3.66E-09
3.66E-09
3.66E-09
3.66E-09
3.66E-09
3.66E-09
3.66E-09
3.66E-09
3.66E-09
3.66E-09
3.66E-09
3.66E-09
3.66E-09
3.66E-09
3.66E-09
3.66E-09
3.66E-09
3.66E-09
3.66E-09
3.66E-09
3.66E-09
3.66E-09
3.66E-09
3.66E-09
3.66E-09
3.66E-09
3.66E-09
3.66E-09
3.66E-09
3.66E-09
3.66E-09
3.66E-09
3.66E-09
3.66E-09
3.66E-09
3.66E-09
3.66E-09
3.66E-09
3.66E-09
3.66E-09
3.66E-09
3.66E-09
3.66E-09
3.66E-09
3.66E-09
3.66E-09
3.66E-09
3.66E-09
3.66E-09
3.66E-09
3.66E-09
3.66E-09
3.66E-09
3.66E-09
3.66E-09
3.66E-09
3.65E-09
3.66E-09
3.66E-09
3.65E-09
3.65E-09
3.66E-09
3.66E-09
3.65E-09
3.66E-09
3.65E-09
3.65E-09
3.65E-09
3.66E-09
3.65E-09
3.65E-09
3.65E-09
3.65E-09
3.65E-09
3.66E-09
3.65E-09
3.65E-09
3.65E-09
3.65E-09
3.65E-09
3.65E-09
3.65E-09
3.65E-09
3.65E-09
3.65E-09
3.65E-09
3.65E-09
3.65E-09
3.65E-09
3.65E-09
3.65E-09
3.65E-09
3.65E-09
3.65E-09
3.65E-09
3.65E-09
3.65E-09
3.65E-09
3.65E-09
3.65E-09
3.65E-09
3.65E-09
3.65E-09
3.65E-09
3.65E-09
3.65E-09
3.65E-09
3.65E-09
3.65E-09
3.65E-09
3.65E-09
3.65E-09
3.65E-09
3.65E-09
3.65E-09
3.65E-09
3.65E-09
3.65E-09
3.65E-09
3.65E-09
3.65E-09
3.65E-09
3.65E-09
3.65E-09
3.65E-09
3.65E-09
3.65E-09
3.65E-09
3.65E-09
3.65E-09
3.65E-09
3.65E-09
3.65E-09
3.65E-09
3.65E-09
3.65E-09
3.65E-09
3.65E-09
3.65E-09
3.65E-09
3.65E-09
3.65E-09
3.65E-09
3.65E-09
3.64E-09
3.64E-09
3.64E-09
3.65E-09
3.65E-09
3.65E-09
3.64E-09
3.65E-09
3.64E-09
3.64E-09
3.64E-09
3.64E-09
3.64E-09
3.64E-09
3.64E-09
3.64E-09
3.64E-09
3.64E-09
3.64E-09
3.64E-09
3.64E-09
3.64E-09
3.64E-09
3.64E-09
3.64E-09
3.64E-09
3.64E-09
3.64E-09
3.64E-09
3.64E-09
3.64E-09
3.64E-09
3.64E-09
3.64E-09
3.64E-09
3.64E-09
3.64E-09
3.64E-09
3.64E-09
3.64E-09
3.64E-09
3.64E-09
3.64E-09
3.64E-09
3.64E-09
3.64E-09
3.64E-09
3.64E-09
3.64E-09
3.64E-09
3.64E-09
3.64E-09
3.64E-09
3.64E-09
3.64E-09
3.64E-09
3.64E-09
3.64E-09
3.64E-09
3.64E-09
3.64E-09
3.64E-09
3.64E-09
3.63E-09
3.63E-09
3.63E-09
3.63E-09
3.64E-09
3.63E-09
3.63E-09
3.64E-09
3.63E-09
3.63E-09
3.63E-09
3.63E-09
3.63E-09
3.63E-09
3.63E-09
3.63E-09
3.63E-09
3.63E-09
3.63E-09
3.63E-09
3.63E-09
3.63E-09
3.63E-09
3.63E-09
3.63E-09
3.63E-09
3.63E-09
3.63E-09
3.63E-09
3.63E-09
3.63E-09
3.63E-09
3.63E-09
3.63E-09
3.63E-09
3.63E-09
3.63E-09
3.63E-09
3.63E-09
3.63E-09
3.63E-09
3.63E-09
3.63E-09
3.63E-09
3.63E-09
3.63E-09
3.63E-09
3.63E-09
3.63E-09
3.63E-09
3.63E-09
3.63E-09
3.63E-09
3.63E-09
3.63E-09
3.63E-09
3.63E-09
3.63E-09
3.63E-09
3.63E-09
3.62E-09
3.63E-09
3.63E-09
3.63E-09
3.62E-09
3.62E-09
3.62E-09
3.62E-09
3.62E-09
3.62E-09
3.62E-09
3.62E-09
3.62E-09
3.62E-09
3.62E-09
3.62E-09
3.62E-09
3.62E-09
3.62E-09
3.62E-09
3.62E-09
3.62E-09
3.62E-09
3.62E-09
3.62E-09
3.62E-09
3.62E-09
3.62E-09
3.62E-09
3.62E-09
3.62E-09
3.62E-09
3.62E-09
3.62E-09
3.62E-09
3.62E-09
3.62E-09
3.62E-09
3.62E-09
3.62E-09
3.62E-09
3.62E-09
3.62E-09
3.62E-09
3.62E-09
3.62E-09
3.62E-09
3.62E-09
3.62E-09
3.61E-09
3.62E-09
3.62E-09
3.61E-09
3.61E-09
3.61E-09
3.62E-09
3.62E-09
3.62E-09
3.61E-09
3.61E-09
3.61E-09
3.61E-09
3.61E-09
3.61E-09
3.61E-09
3.61E-09
3.61E-09
3.61E-09
3.61E-09
3.61E-09
3.61E-09
3.61E-09
3.61E-09
3.61E-09
3.61E-09
3.61E-09
3.61E-09
3.61E-09
3.61E-09
3.61E-09
3.61E-09
3.61E-09
3.61E-09
3.61E-09
3.61E-09
3.61E-09
3.61E-09
3.61E-09
3.61E-09
3.61E-09
3.61E-09
3.61E-09
3.61E-09
3.61E-09
3.61E-09
3.61E-09
3.61E-09
3.61E-09
3.61E-09
3.61E-09
3.61E-09
3.61E-09
3.61E-09
3.61E-09
3.61E-09
3.61E-09
3.61E-09
3.61E-09
3.61E-09
3.61E-09
3.61E-09
3.61E-09
3.61E-09
3.61E-09
3.61E-09
3.60E-09
3.60E-09
3.60E-09
3.61E-09
3.61E-09
3.60E-09
3.60E-09
3.60E-09
3.61E-09
3.60E-09
3.60E-09
3.60E-09
3.60E-09
3.60E-09
3.60E-09
3.60E-09
3.60E-09
3.60E-09
3.60E-09
3.60E-09
3.60E-09
3.60E-09
3.60E-09
3.60E-09
3.60E-09
3.60E-09
3.60E-09
3.60E-09
3.60E-09
3.60E-09
3.60E-09
3.60E-09
3.60E-09
3.60E-09
3.60E-09
3.60E-09
3.60E-09
3.60E-09
3.60E-09
3.60E-09
3.60E-09
3.60E-09
3.60E-09
3.60E-09
3.60E-09
3.60E-09
3.60E-09
3.60E-09
3.60E-09
3.60E-09
3.60E-09
3.60E-09
3.60E-09
3.60E-09
3.60E-09
3.60E-09
3.60E-09
3.60E-09
3.60E-09
3.60E-09
3.60E-09
3.60E-09
3.60E-09
3.60E-09
3.60E-09
3.60E-09
3.60E-09
3.60E-09
3.60E-09
3.60E-09
3.60E-09
3.60E-09
3.60E-09
3.60E-09
3.60E-09
3.60E-09
3.60E-09
3.60E-09
3.60E-09
3.60E-09
3.60E-09
3.60E-09
3.60E-09
3.60E-09
3.60E-09
3.60E-09
3.60E-09
3.60E-09
3.60E-09
3.60E-09
3.60E-09
3.60E-09
3.60E-09
3.60E-09
3.59E-09
3.60E-09
3.60E-09
3.60E-09
3.60E-09
3.60E-09
3.59E-09
3.60E-09
3.60E-09
3.60E-09
3.60E-09
3.59E-09
3.59E-09
3.59E-09
3.59E-09
3.60E-09
3.60E-09
3.60E-09
3.60E-09
3.60E-09
3.60E-09
3.59E-09
3.60E-09
3.59E-09
3.59E-09
3.59E-09
3.59E-09
3.59E-09
3.59E-09
3.59E-09
3.59E-09
3.59E-09
3.60E-09
3.59E-09
3.59E-09
3.59E-09
3.59E-09
3.59E-09
3.59E-09
3.59E-09
3.59E-09
3.59E-09
3.59E-09
3.59E-09
3.59E-09
3.60E-09
3.59E-09
3.59E-09
3.59E-09
3.59E-09
3.59E-09
3.60E-09
3.59E-09
3.59E-09
3.59E-09
3.59E-09
3.59E-09
3.59E-09
3.59E-09
3.59E-09
3.59E-09
3.59E-09
3.59E-09
3.59E-09
3.59E-09
3.59E-09
3.59E-09
3.59E-09
3.59E-09
3.59E-09
3.59E-09
3.59E-09
3.59E-09
3.59E-09
3.59E-09
3.60E-09
3.59E-09
3.59E-09
3.59E-09
3.60E-09
3.59E-09
3.59E-09
3.59E-09
3.59E-09
3.60E-09
3.59E-09
3.60E-09
3.59E-09
3.59E-09
3.59E-09
3.60E-09
3.59E-09
3.60E-09
3.60E-09
3.60E-09
3.60E-09
3.60E-09
3.59E-09
3.60E-09
3.60E-09
3.60E-09
3.60E-09
3.60E-09
3.60E-09
3.60E-09
3.60E-09
3.60E-09
3.60E-09
3.60E-09
3.60E-09
3.60E-09
3.60E-09
3.60E-09
3.60E-09
3.60E-09
3.60E-09
3.60E-09
3.60E-09
3.60E-09
3.60E-09
3.60E-09
3.60E-09
3.60E-09
3.60E-09
3.60E-09
3.60E-09
3.60E-09
3.60E-09
3.60E-09
3.60E-09
3.60E-09
3.60E-09
3.60E-09
3.60E-09
3.60E-09
3.60E-09
3.60E-09
3.60E-09
3.60E-09
3.60E-09
3.60E-09
3.60E-09
3.60E-09
3.60E-09
3.60E-09
3.60E-09
3.60E-09
3.60E-09
3.60E-09
3.60E-09
3.60E-09
3.60E-09
3.60E-09
3.60E-09
3.60E-09
3.60E-09
3.60E-09
3.60E-09
3.60E-09
3.60E-09
3.60E-09
3.60E-09
3.60E-09
3.60E-09
3.60E-09
3.60E-09
3.61E-09
3.60E-09
3.60E-09
3.61E-09
3.61E-09
3.61E-09
3.61E-09
3.61E-09
3.61E-09
3.61E-09
3.61E-09
3.61E-09
3.61E-09
3.61E-09
3.61E-09
3.61E-09
3.61E-09
3.61E-09
3.61E-09
3.61E-09
3.61E-09
3.61E-09
3.61E-09
3.61E-09
3.61E-09
3.61E-09
3.61E-09
3.61E-09
3.61E-09
3.61E-09
3.61E-09
3.61E-09
3.61E-09
3.61E-09
3.61E-09
3.61E-09
3.61E-09
3.61E-09
3.61E-09
3.62E-09
3.62E-09
3.62E-09
3.62E-09
3.62E-09
3.62E-09
3.62E-09
3.62E-09
3.62E-09
3.62E-09
3.62E-09
3.62E-09
3.62E-09
3.62E-09
3.62E-09
3.62E-09
3.62E-09
3.62E-09
3.62E-09
3.62E-09
3.62E-09
3.62E-09
3.63E-09
3.62E-09
3.63E-09
3.62E-09
3.63E-09
3.63E-09
3.63E-09
3.63E-09
3.63E-09
3.63E-09
3.63E-09
3.63E-09
3.63E-09
3.63E-09
3.63E-09
3.63E-09
3.63E-09
3.63E-09
3.63E-09
3.63E-09
3.63E-09
3.63E-09
3.64E-09
3.64E-09
3.64E-09
3.64E-09
3.64E-09
3.64E-09
3.64E-09
3.64E-09
3.64E-09
3.64E-09
3.64E-09
3.64E-09
3.64E-09
3.64E-09
3.65E-09
3.65E-09
3.65E-09
3.65E-09
3.65E-09
3.65E-09
3.65E-09
3.65E-09
3.65E-09
3.65E-09
3.65E-09
3.65E-09
3.65E-09
3.66E-09
3.66E-09
3.66E-09
3.66E-09
3.66E-09
3.66E-09
3.66E-09
3.66E-09
3.66E-09
3.66E-09
3.67E-09
3.67E-09
3.67E-09
3.67E-09
3.67E-09
3.67E-09
3.67E-09
3.67E-09
3.67E-09
3.67E-09
3.68E-09
3.68E-09
3.68E-09
3.68E-09
3.68E-09
3.68E-09
3.68E-09
3.68E-09
3.69E-09
3.69E-09
3.69E-09
3.69E-09
3.69E-09
3.69E-09
3.69E-09
3.70E-09
3.70E-09
3.70E-09
3.70E-09
3.70E-09
3.70E-09
3.70E-09
3.71E-09
3.71E-09
3.71E-09
3.71E-09
3.71E-09
3.71E-09
3.72E-09
3.72E-09
3.72E-09
3.72E-09
3.72E-09
3.72E-09
3.73E-09
3.73E-09
3.73E-09
3.73E-09
3.74E-09
3.74E-09
3.74E-09
3.74E-09
3.74E-09
3.75E-09
3.75E-09
3.75E-09
3.75E-09
3.75E-09
3.76E-09
3.76E-09
3.76E-09
3.77E-09
3.77E-09
3.77E-09
3.78E-09
3.78E-09
3.78E-09
3.78E-09
3.79E-09
3.79E-09
3.79E-09
3.80E-09
3.80E-09
3.80E-09
3.81E-09
3.81E-09
3.81E-09
3.82E-09
3.82E-09
3.83E-09
3.83E-09
3.83E-09
3.84E-09
3.84E-09
3.85E-09
3.86E-09
3.86E-09
3.86E-09
3.87E-09
3.87E-09
3.88E-09
3.89E-09
3.89E-09
3.90E-09
3.90E-09
3.91E-09
3.91E-09
3.92E-09
3.93E-09
3.93E-09
3.94E-09
3.95E-09
3.96E-09
3.96E-09
3.97E-09
3.98E-09
3.99E-09
4.00E-09
4.01E-09
4.01E-09
4.02E-09
4.03E-09
4.04E-09
4.05E-09
4.07E-09
4.08E-09
4.09E-09
4.10E-09
4.11E-09
4.13E-09
4.14E-09
4.16E-09
4.17E-09
4.19E-09
4.21E-09
4.23E-09
4.24E-09
4.26E-09
4.28E-09
4.31E-09
4.33E-09
4.35E-09
4.37E-09
4.40E-09
4.42E-09
4.45E-09
4.48E-09
4.51E-09
4.55E-09
4.59E-09
4.63E-09
4.67E-09
4.72E-09
4.76E-09
4.82E-09
4.87E-09
4.93E-09
5.00E-09
5.07E-09
5.15E-09
5.23E-09
5.32E-09
5.41E-09
5.52E-09
5.64E-09
5.77E-09
5.92E-09
6.09E-09
6.28E-09
6.51E-09
6.74E-09
7.02E-09
7.32E-09
7.64E-09
8.01E-09
8.21E-09
8.25E-09
8.30E-09
8.35E-09
8.39E-09
8.44E-09
8.48E-09
8.52E-09
8.56E-09
8.60E-09
8.64E-09
8.67E-09
8.70E-09
8.74E-09
8.77E-09
8.80E-09
8.83E-09
8.86E-09
8.89E-09
8.92E-09
8.95E-09
8.97E-09
9.00E-09
9.02E-09
9.05E-09
9.07E-09
9.10E-09
9.12E-09
9.14E-09
9.16E-09
9.19E-09
9.21E-09
9.23E-09
9.25E-09
9.27E-09
9.29E-09
9.31E-09
9.33E-09
9.35E-09
9.36E-09
9.38E-09
9.40E-09
9.41E-09
9.42E-09
9.43E-09
9.45E-09
9.46E-09
9.47E-09
9.48E-09
9.50E-09
9.51E-09
9.52E-09
9.53E-09
9.55E-09
9.56E-09
9.56E-09
9.58E-09
9.59E-09
9.59E-09
9.61E-09
9.61E-09
9.63E-09
9.63E-09
9.64E-09
9.65E-09
9.66E-09
9.67E-09
9.68E-09
9.68E-09
9.70E-09
9.70E-09
9.71E-09
9.72E-09
9.73E-09
9.73E-09
9.74E-09
9.74E-09
9.74E-09
9.74E-09
9.74E-09
9.74E-09
9.73E-09
9.72E-09
9.71E-09
9.70E-09
9.69E-09
9.67E-09
9.66E-09