4.43E-09
4.42E-09
4.42E-09
4.42E-09
4.42E-09
4.42E-09
4.42E-09
4.42E-09
4.42E-09
4.42E-09
4.42E-09
4.42E-09
4.42E-09
4.42E-09
4.42E-09
4.42E-09
4.42E-09
4.41E-09
4.41E-09
4.41E-09
4.41E-09
4.41E-09
4.41E-09
4.41E-09
4.41E-09
4.41E-09
4.41E-09
4.41E-09
4.41E-09
4.41E-09
4.41E-09
4.41E-09
4.41E-09
4.41E-09
4.41E-09
4.41E-09
4.41E-09
4.41E-09
4.41E-09
4.41E-09
4.41E-09
4.40E-09
4.41E-09
4.41E-09
4.40E-09
4.40E-09
4.40E-09
4.40E-09
4.40E-09
4.40E-09
4.40E-09
4.40E-09
4.40E-09
4.40E-09
4.40E-09
4.40E-09
4.40E-09
4.40E-09
4.40E-09
4.40E-09
4.40E-09
4.40E-09
4.40E-09
4.40E-09
4.40E-09
4.40E-09
4.40E-09
4.40E-09
4.40E-09
4.40E-09
4.40E-09
4.40E-09
4.40E-09
4.40E-09
4.40E-09
4.40E-09
4.40E-09
4.40E-09
4.40E-09
4.40E-09
4.40E-09
4.40E-09
4.40E-09
4.40E-09
4.39E-09
4.40E-09
4.40E-09
4.39E-09
4.39E-09
4.39E-09
4.39E-09
4.39E-09
4.40E-09
4.40E-09
4.39E-09
4.39E-09
4.40E-09
4.39E-09
4.40E-09
4.39E-09
4.39E-09
4.39E-09
4.39E-09
4.39E-09
4.39E-09
4.39E-09
4.39E-09
4.39E-09
4.39E-09
4.39E-09
4.39E-09
4.39E-09
4.39E-09
4.39E-09
4.39E-09
4.39E-09
4.39E-09
4.39E-09
4.39E-09
4.39E-09
4.39E-09
4.39E-09
4.39E-09
4.39E-09
4.39E-09
4.39E-09
4.39E-09
4.39E-09
4.39E-09
4.39E-09
4.39E-09
4.39E-09
4.39E-09
4.39E-09
4.39E-09
4.39E-09
4.39E-09
4.39E-09
4.39E-09
4.39E-09
4.39E-09
4.39E-09
4.39E-09
4.39E-09
4.39E-09
4.39E-09
4.39E-09
4.38E-09
4.39E-09
4.39E-09
4.39E-09
4.39E-09
4.39E-09
4.39E-09
4.39E-09
4.39E-09
4.39E-09
4.38E-09
4.39E-09
4.39E-09
4.38E-09
4.38E-09
4.38E-09
4.38E-09
4.38E-09
4.38E-09
4.38E-09
4.38E-09
4.38E-09
4.38E-09
4.38E-09
4.38E-09
4.38E-09
4.38E-09
4.38E-09
4.38E-09
4.38E-09
4.38E-09
4.38E-09
4.38E-09
4.38E-09
4.38E-09
4.38E-09
4.38E-09
4.38E-09
4.38E-09
4.38E-09
4.38E-09
4.38E-09
4.38E-09
4.38E-09
4.38E-09
4.38E-09
4.38E-09
4.38E-09
4.38E-09
4.38E-09
4.38E-09
4.38E-09
4.38E-09
4.38E-09
4.38E-09
4.38E-09
4.38E-09
4.38E-09
4.38E-09
4.38E-09
4.38E-09
4.38E-09
4.38E-09
4.38E-09
4.38E-09
4.38E-09
4.38E-09
4.38E-09
4.38E-09
4.38E-09
4.38E-09
4.38E-09
4.38E-09
4.38E-09
4.38E-09
4.38E-09
4.38E-09
4.38E-09
4.38E-09
4.38E-09
4.38E-09
4.38E-09
4.38E-09
4.38E-09
4.38E-09
4.38E-09
4.38E-09
4.38E-09
4.38E-09
4.37E-09
4.37E-09
4.38E-09
4.37E-09
4.38E-09
4.38E-09
4.38E-09
4.37E-09
4.38E-09
4.38E-09
4.38E-09
4.38E-09
4.37E-09
4.37E-09
4.38E-09
4.37E-09
4.37E-09
4.38E-09
4.37E-09
4.38E-09
4.37E-09
4.37E-09
4.37E-09
4.37E-09
4.37E-09
4.37E-09
4.37E-09
4.37E-09
4.37E-09
4.37E-09
4.37E-09
4.37E-09
4.37E-09
4.37E-09
4.37E-09
4.37E-09
4.37E-09
4.37E-09
4.37E-09
4.37E-09
4.37E-09
4.37E-09
4.37E-09
4.37E-09
4.37E-09
4.37E-09
4.37E-09
4.37E-09
4.37E-09
4.37E-09
4.37E-09
4.37E-09
4.37E-09
4.37E-09
4.37E-09
4.37E-09
4.37E-09
4.37E-09
4.37E-09
4.37E-09
4.37E-09
4.37E-09
4.37E-09
4.37E-09
4.37E-09
4.37E-09
4.37E-09
4.37E-09
4.37E-09
4.37E-09
4.37E-09
4.37E-09
4.37E-09
4.37E-09
4.37E-09
4.37E-09
4.37E-09
4.37E-09
4.37E-09
4.37E-09
4.37E-09
4.37E-09
4.37E-09
4.36E-09
4.37E-09
4.37E-09
4.37E-09
4.37E-09
4.36E-09
4.36E-09
4.37E-09
4.36E-09
4.37E-09
4.36E-09
4.36E-09
4.36E-09
4.36E-09
4.36E-09
4.36E-09
4.36E-09
4.36E-09
4.36E-09
4.36E-09
4.36E-09
4.36E-09
4.36E-09
4.36E-09
4.36E-09
4.36E-09
4.36E-09
4.36E-09
4.36E-09
4.36E-09
4.36E-09
4.36E-09
4.36E-09
4.36E-09
4.36E-09
4.36E-09
4.36E-09
4.36E-09
4.36E-09
4.36E-09
4.36E-09
4.36E-09
4.36E-09
4.36E-09
4.36E-09
4.36E-09
4.36E-09
4.36E-09
4.36E-09
4.36E-09
4.36E-09
4.36E-09
4.36E-09
4.36E-09
4.36E-09
4.36E-09
4.36E-09
4.36E-09
4.36E-09
4.36E-09
4.36E-09
4.36E-09
4.36E-09
4.36E-09
4.36E-09
4.36E-09
4.36E-09
4.36E-09
4.36E-09
4.36E-09
4.36E-09
4.36E-09
4.36E-09
4.35E-09
4.36E-09
4.36E-09
4.36E-09
4.36E-09
4.35E-09
4.36E-09
4.36E-09
4.35E-09
4.35E-09
4.36E-09
4.36E-09
4.35E-09
4.35E-09
4.36E-09
4.35E-09
4.35E-09
4.35E-09
4.35E-09
4.35E-09
4.35E-09
4.35E-09
4.35E-09
4.35E-09
4.35E-09
4.35E-09
4.35E-09
4.35E-09
4.35E-09
4.35E-09
4.35E-09
4.35E-09
4.35E-09
4.35E-09
4.35E-09
4.35E-09
4.35E-09
4.35E-09
4.35E-09
4.35E-09
4.35E-09
4.35E-09
4.35E-09
4.35E-09
4.35E-09
4.35E-09
4.35E-09
4.35E-09
4.35E-09
4.35E-09
4.35E-09
4.35E-09
4.35E-09
4.35E-09
4.35E-09
4.35E-09
4.35E-09
4.35E-09
4.35E-09
4.35E-09
4.35E-09
4.35E-09
4.35E-09
4.35E-09
4.35E-09
4.35E-09
4.35E-09
4.35E-09
4.35E-09
4.35E-09
4.35E-09
4.34E-09
4.34E-09
4.34E-09
4.35E-09
4.34E-09
4.34E-09
4.35E-09
4.34E-09
4.34E-09
4.34E-09
4.34E-09
4.35E-09
4.34E-09
4.34E-09
4.34E-09
4.34E-09
4.34E-09
4.34E-09
4.34E-09
4.34E-09
4.34E-09
4.34E-09
4.34E-09
4.34E-09
4.34E-09
4.34E-09
4.34E-09
4.34E-09
4.34E-09
4.34E-09
4.34E-09
4.34E-09
4.34E-09
4.34E-09
4.34E-09
4.34E-09
4.34E-09
4.34E-09
4.34E-09
4.34E-09
4.34E-09
4.34E-09
4.34E-09
4.34E-09
4.34E-09
4.34E-09
4.34E-09
4.34E-09
4.34E-09
4.34E-09
4.34E-09
4.34E-09
4.34E-09
4.34E-09
4.34E-09
4.34E-09
4.34E-09
4.34E-09
4.33E-09
4.34E-09
4.33E-09
4.33E-09
4.33E-09
4.34E-09
4.33E-09
4.33E-09
4.34E-09
4.34E-09
4.33E-09
4.33E-09
4.33E-09
4.33E-09
4.33E-09
4.33E-09
4.33E-09
4.33E-09
4.33E-09
4.33E-09
4.33E-09
4.33E-09
4.33E-09
4.33E-09
4.33E-09
4.33E-09
4.33E-09
4.33E-09
4.33E-09
4.33E-09
4.33E-09
4.33E-09
4.33E-09
4.33E-09
4.33E-09
4.33E-09
4.33E-09
4.33E-09
4.33E-09
4.33E-09
4.33E-09
4.33E-09
4.33E-09
4.33E-09
4.33E-09
4.33E-09
4.32E-09
4.33E-09
4.33E-09
4.33E-09
4.33E-09
4.32E-09
4.33E-09
4.32E-09
4.32E-09
4.32E-09
4.32E-09
4.32E-09
4.32E-09
4.32E-09
4.32E-09
4.32E-09
4.32E-09
4.32E-09
4.32E-09
4.32E-09
4.32E-09
4.32E-09
4.32E-09
4.32E-09
4.32E-09
4.32E-09
4.32E-09
4.32E-09
4.32E-09
4.32E-09
4.32E-09
4.32E-09
4.32E-09
4.32E-09
4.32E-09
4.32E-09
4.32E-09
4.32E-09
4.32E-09
4.32E-09
4.32E-09
4.32E-09
4.32E-09
4.32E-09
4.31E-09
4.31E-09
4.31E-09
4.31E-09
4.31E-09
4.31E-09
4.31E-09
4.31E-09
4.31E-09
4.31E-09
4.31E-09
4.31E-09
4.31E-09
4.31E-09
4.31E-09
4.31E-09
4.31E-09
4.31E-09
4.31E-09
4.31E-09
4.31E-09
4.31E-09
4.31E-09
4.31E-09
4.31E-09
4.31E-09
4.31E-09
4.31E-09
4.31E-09
4.31E-09
4.31E-09
4.31E-09
4.31E-09
4.31E-09
4.31E-09
4.31E-09
4.31E-09
4.31E-09
4.31E-09
4.30E-09
4.30E-09
4.30E-09
4.30E-09
4.30E-09
4.30E-09
4.30E-09
4.30E-09
4.30E-09
4.30E-09
4.30E-09
4.30E-09
4.30E-09
4.30E-09
4.30E-09
4.30E-09
4.30E-09
4.30E-09
4.30E-09
4.30E-09
4.30E-09
4.30E-09
4.30E-09
4.30E-09
4.30E-09
4.30E-09
4.30E-09
4.29E-09
4.29E-09
4.29E-09
4.29E-09
4.29E-09
4.29E-09
4.29E-09
4.29E-09
4.29E-09
4.29E-09
4.29E-09
4.29E-09
4.29E-09
4.29E-09
4.29E-09
4.29E-09
4.29E-09
4.29E-09
4.29E-09
4.28E-09
4.29E-09
4.29E-09
4.29E-09
4.29E-09
4.28E-09
4.28E-09
4.28E-09
4.28E-09
4.28E-09
4.28E-09
4.28E-09
4.28E-09
4.28E-09
4.28E-09
4.28E-09
4.28E-09
4.28E-09
4.28E-09
4.28E-09
4.28E-09
4.28E-09
4.28E-09
4.28E-09
4.28E-09
4.27E-09
4.27E-09
4.27E-09
4.27E-09
4.27E-09
4.27E-09
4.27E-09
4.27E-09
4.27E-09
4.27E-09
4.27E-09
4.27E-09
4.27E-09
4.27E-09
4.27E-09
4.27E-09
4.27E-09
4.27E-09
4.26E-09
4.26E-09
4.26E-09
4.26E-09
4.26E-09
4.26E-09
4.26E-09
4.26E-09
4.26E-09
4.26E-09
4.26E-09
4.26E-09
4.26E-09
4.26E-09
4.26E-09
4.26E-09
4.25E-09
4.25E-09
4.25E-09
4.25E-09
4.25E-09
4.25E-09
4.25E-09
4.25E-09
4.25E-09
4.25E-09
4.25E-09
4.25E-09
4.25E-09
4.25E-09
4.24E-09
4.24E-09
4.24E-09
4.24E-09
4.24E-09
4.24E-09
4.24E-09
4.24E-09
4.24E-09
4.24E-09
4.23E-09
4.23E-09
4.23E-09
4.23E-09
4.23E-09
4.23E-09
4.23E-09
4.23E-09
4.23E-09
4.23E-09
4.23E-09
4.22E-09
4.23E-09
4.22E-09
4.22E-09
4.22E-09
4.22E-09
4.22E-09
4.22E-09
4.22E-09
4.22E-09
4.21E-09
4.21E-09
4.21E-09
4.21E-09
4.21E-09
4.21E-09
4.21E-09
4.21E-09
4.21E-09
4.21E-09
4.20E-09
4.20E-09
4.20E-09
4.20E-09
4.20E-09
4.20E-09
4.20E-09
4.19E-09
4.19E-09
4.19E-09
4.19E-09
4.19E-09
4.19E-09
4.18E-09
4.18E-09
4.18E-09
4.18E-09
4.18E-09
4.18E-09
4.18E-09
4.18E-09
4.18E-09
4.17E-09
4.17E-09
4.17E-09
4.17E-09
4.17E-09
4.16E-09
4.16E-09
4.16E-09
4.16E-09
4.16E-09
4.16E-09
4.15E-09
4.15E-09
4.15E-09
4.15E-09
4.15E-09
4.14E-09
4.14E-09
4.14E-09
4.14E-09
4.14E-09
4.14E-09
4.13E-09
4.13E-09
4.13E-09
4.13E-09
4.12E-09
4.12E-09
4.12E-09
4.11E-09
4.11E-09
4.11E-09
4.11E-09
4.10E-09
4.10E-09
4.10E-09
4.10E-09
4.10E-09
4.09E-09
4.09E-09
4.09E-09
4.09E-09
4.08E-09
4.08E-09
4.08E-09
4.07E-09
4.07E-09
4.07E-09
4.06E-09
4.06E-09
4.06E-09
4.05E-09
4.05E-09
4.04E-09
4.04E-09
4.04E-09
4.03E-09
4.03E-09
4.02E-09
4.02E-09
4.02E-09
4.02E-09
4.01E-09
4.01E-09
4.00E-09
4.00E-09
3.99E-09
3.99E-09
3.98E-09
3.98E-09
3.97E-09
3.97E-09
3.96E-09
3.96E-09
3.95E-09
3.95E-09
3.94E-09
3.93E-09
3.93E-09
3.92E-09
3.92E-09
3.91E-09
3.91E-09
3.90E-09
3.90E-09
3.89E-09
3.88E-09
3.88E-09
3.87E-09
3.86E-09
3.85E-09
3.85E-09
3.84E-09
3.83E-09
3.82E-09
3.82E-09
3.81E-09
3.80E-09
3.79E-09
3.78E-09
3.78E-09
3.77E-09
3.76E-09
3.75E-09
3.74E-09
3.73E-09
3.72E-09
3.71E-09
3.70E-09
3.68E-09
3.67E-09
3.66E-09
3.65E-09
3.63E-09
3.62E-09
3.61E-09
3.60E-09
3.58E-09
3.57E-09
3.55E-09
3.54E-09
3.53E-09
3.51E-09
3.49E-09
3.48E-09
3.46E-09
3.44E-09
3.42E-09
3.41E-09
3.39E-09
3.37E-09
3.34E-09
3.32E-09
3.30E-09
3.28E-09
3.26E-09
3.24E-09
3.21E-09
3.19E-09
3.16E-09
3.14E-09
3.11E-09
3.08E-09
3.05E-09
3.02E-09
2.98E-09
2.95E-09
2.92E-09
2.88E-09
2.84E-09
2.81E-09
2.77E-09
2.73E-09
2.69E-09
2.65E-09
2.61E-09
2.56E-09
2.52E-09
2.47E-09
2.42E-09
2.37E-09
2.32E-09
2.26E-09
2.20E-09
2.14E-09
2.08E-09
2.02E-09
1.95E-09
1.73E-09
1.79E-09
1.72E-09