8841.499
8840.999
8840.499
8839.999
8839.499
8838.999
8838.499
8837.999
8837.499
8836.999
8836.499
8835.999
8835.499
8834.999
8834.499
8833.999
8833.499
8832.999
8832.499
8831.999
8831.499
8830.999
8830.499
8829.999
8829.499
8828.999
8828.499
8827.999
8827.499
8826.999
8826.499
8825.999
8825.499
8824.999
8824.499
8823.999
8823.499
8822.999
8822.499
8821.999
8821.499
8820.999
8820.499
8819.999
8819.499
8818.999
8818.499
8817.999
8817.499
8816.999
8816.499
8815.999
8815.499
8814.999
8814.499
8813.999
8813.499
8812.999
8812.499
8811.999
8811.499
8810.999
8810.499
8809.999
8809.499
8808.999
8808.499
8807.999
8807.499
8806.999
8806.499
8805.999
8805.499
8804.999
8804.499
8803.999
8803.499
8802.999
8802.499
8801.999
8801.499
8800.999
8800.499
8799.999
8799.499
8798.999
8798.499
8797.999
8797.499
8796.999
8796.499
8795.999
8795.499
8794.999
8794.499
8793.999
8793.499
8792.999
8792.499
8791.999
8791.499
8790.999
8790.499
8789.999
8789.499
8788.999
8788.499
8787.999
8787.499
8786.999
8786.499
8785.999
8785.499
8784.999
8784.499
8783.999
8783.499
8782.999
8782.499
8781.999
8781.499
8780.999
8780.499
8779.999
8779.499
8778.999
8778.499
8777.999
8777.499
8776.999
8776.499
8775.999
8775.499
8774.999
8774.499
8773.999
8773.499
8772.999
8772.499
8771.999
8771.499
8770.999
8770.499
8769.999
8769.499
8768.999
8768.499
8767.999
8767.499
8766.999
8766.499
8765.999
8765.499
8764.999
8764.499
8763.999
8763.499
8762.999
8762.499
8761.999
8761.499
8760.999
8760.499
8759.999
8759.499
8758.999
8758.499
8757.999
8757.499
8756.999
8756.499
8755.999
8755.499
8754.999
8754.499
8753.999
8753.499
8752.999
8752.499
8751.999
8751.499
8750.999
8750.499
8749.999
8749.499
8748.999
8748.499
8747.999
8747.499
8746.999
8746.499
8745.999
8745.499
8744.999
8744.499
8743.999
8743.499
8742.999
8742.499
8741.999
8741.499
8740.999
8740.499
8739.999
8739.499
8738.999
8738.499
8737.999
8737.499
8736.999
8736.499
8735.999
8735.499
8734.999
8734.499
8733.999
8733.499
8732.999
8732.499
8731.999
8731.499
8730.999
8730.499
8729.999
8729.499
8728.999
8728.499
8727.999
8727.499
8726.999
8726.499
8725.999
8725.499
8724.999
8724.499
8723.999
8723.499
8722.999
8722.499
8721.999
8721.499
8720.999
8720.499
8719.999
8719.499
8718.999
8718.499
8717.999
8717.499
8716.999
8716.499
8715.999
8715.499
8714.999
8714.499
8713.999
8713.499
8712.999
8712.499
8711.999
8711.499
8710.999
8710.499
8709.999
8709.499
8708.999
8708.499
8707.999
8707.499
8706.999
8706.499
8705.999
8705.499
8704.999
8704.499
8703.999
8703.499
8702.999
8702.499
8701.999
8701.499
8700.999
8700.499
8699.999
8699.499
8698.999
8698.499
8697.999
8697.499
8696.999
8696.499
8695.999
8695.499
8694.999
8694.499
8693.999
8693.499
8692.999
8692.499
8691.999
8691.499
8690.999
8690.499
8689.999
8689.499
8688.999
8688.499
8687.999
8687.499
8686.999
8686.499
8685.999
8685.499
8684.999
8684.499
8683.999
8683.499
8682.999
8682.499
8681.999
8681.499
8680.999
8680.499
8679.999
8679.499
8678.999
8678.499
8677.999
8677.499
8676.999
8676.499
8675.999
8675.499
8674.999
8674.499
8673.999
8673.499
8672.999
8672.499
8671.999
8671.499
8670.999
8670.499
8669.999
8669.499
8668.999
8668.499
8667.999
8667.499
8666.999
8666.499
8665.999
8665.499
8664.999
8664.499
8663.999
8663.499
8662.999
8662.499
8661.999
8661.499
8660.999
8660.499
8659.999
8659.499
8658.999
8658.499
8657.999
8657.499
8656.999
8656.499
8655.999
8655.499
8654.999
8654.499
8653.999
8653.499
8652.999
8652.499
8651.999
8651.499
8650.999
8650.499
8649.999
8649.499
8648.999
8648.499
8647.999
8647.499
8646.999
8646.499
8645.999
8645.499
8644.999
8644.499
8643.999
8643.499
8642.999
8642.499
8641.999
8641.499
8640.999
8640.499
8639.999
8639.499
8638.999
8638.499
8637.999
8637.499
8636.999
8636.499
8635.999
8635.499
8634.999
8634.499
8633.999
8633.499
8632.999
8632.499
8631.999
8631.499
8630.999
8630.499
8629.999
8629.499
8628.999
8628.499
8627.999
8627.499
8626.999
8626.499
8625.999
8625.499
8624.999
8624.499
8623.999
8623.499
8622.999
8622.499
8621.999
8621.499
8620.999
8620.499
8619.999
8619.499
8618.999
8618.499
8617.999
8617.499
8616.999
8616.499
8615.999
8615.499
8614.999
8614.499
8613.999
8613.499
8612.999
8612.499
8611.999
8611.499
8610.999
8610.499
8609.999
8609.499
8608.999
8608.499
8607.999
8607.499
8606.999
8606.499
8605.999
8605.499
8604.999
8604.499
8603.999
8603.499
8602.999
8602.499
8601.999
8601.499
8600.999
8600.499
8599.999
8599.499
8598.999
8598.499
8597.999
8597.499
8596.999
8596.499
8595.999
8595.499
8594.999
8594.499
8593.999
8593.499
8592.999
8592.499
8591.999
8591.499
8590.999
8590.499
8589.999
8589.499
8588.999
8588.499
8587.999
8587.499
8586.999
8586.499
8585.999
8585.499
8584.999
8584.499
8583.999
8583.499
8582.999
8582.499
8581.999
8581.499
8580.999
8580.499
8579.999
8579.499
8578.999
8578.499
8577.999
8577.499
8576.999
8576.499
8575.999
8575.499
8574.999
8574.499
8573.999
8573.499
8572.999
8572.499
8571.999
8571.499
8570.999
8570.499
8569.999
8569.499
8568.999
8568.499
8567.999
8567.499
8566.999
8566.499
8565.999
8565.499
8564.999
8564.499
8563.999
8563.499
8562.999
8562.499
8561.999
8561.499
8560.999
8560.499
8559.999
8559.499
8558.999
8558.499
8557.999
8557.499
8556.999
8556.499
8555.999
8555.499
8554.999
8554.499
8553.999
8553.499
8552.999
8552.499
8551.999
8551.499
8550.999
8550.499
8549.999
8549.499
8548.999
8548.499
8547.999
8547.499
8546.999
8546.499
8545.999
8545.499
8544.999
8544.499
8543.999
8543.499
8542.999
8542.499
8541.999
8541.499
8540.999
8540.499
8539.999
8539.499
8538.999
8538.499
8537.999
8537.499
8536.999
8536.499
8535.999
8535.499
8534.999
8534.499
8533.999
8533.499
8532.999
8532.499
8531.999
8531.499
8530.999
8530.499
8529.999
8529.499
8528.999
8528.499
8527.999
8527.499
8526.999
8526.499
8525.999
8525.499
8524.999
8524.499
8523.999
8523.499
8522.999
8522.499
8521.999
8521.499
8520.999
8520.499
8519.999
8519.499
8518.999
8518.499
8517.999
8517.499
8516.999
8516.499
8515.999
8515.499
8514.999
8514.499
8513.999
8513.499
8512.999
8512.499
8511.999
8511.499
8510.999
8510.499
8509.999
8509.499
8508.999
8508.499
8507.999
8507.499
8506.999
8506.499
8505.999
8505.499
8504.999
8504.499
8503.999
8503.499
8502.999
8502.499
8501.999
8501.499
8500.999
8500.499
8499.999
8499.499
8498.999
8498.499
8497.999
8497.499
8496.999
8496.499
8495.999
8495.499
8494.999
8494.499
8493.999
8493.499
8492.999
8492.499
8491.999
8491.499
8490.999
8490.499
8489.999
8489.499
8488.999
8488.499
8487.999
8487.499
8486.999
8486.499
8485.999
8485.499
8484.999
8484.499
8483.999
8483.499
8482.999
8482.499
8481.999
8481.499
8480.999
8480.499
8479.999
8479.499
8478.999
8478.499
8477.999
8477.499
8476.999
8476.499
8475.999
8475.499
8474.999
8474.499
8473.999
8473.499
8472.999
8472.499
8471.999
8471.499
8470.999
8470.499
8469.999
8469.499
8468.999
8468.499
8467.999
8467.499
8466.999
8466.499
8465.999
8465.499
8464.999
8464.499
8463.999
8463.499
8462.999
8462.499
8461.999
8461.499
8460.999
8460.499
8459.999
8459.499
8458.999
8458.499
8457.999
8457.499
8456.999
8456.499
8455.999
8455.499
8454.999
8454.499
8453.999
8453.499
8452.999
8452.499
8451.999
8451.499
8450.999
8450.499
8449.999
8449.499
8448.999
8448.499
8447.999
8447.499
8446.999
8446.499
8445.999
8445.499
8444.999
8444.499
8443.999
8443.499
8442.999
8442.499
8441.999
8441.499
8440.999
8440.499
8439.999
8439.499
8438.999
8438.499
8437.999
8437.499
8436.999
8436.499
8435.999
8435.499
8434.999
8434.499
8433.999
8433.499
8432.999
8432.499
8431.999
8431.499
8430.999
8430.499
8429.999
8429.499
8428.999
8428.499
8427.999
8427.499
8426.999
8426.499
8425.999
8425.499
8424.999
8424.499
8423.999
8423.499
8422.999
8422.499
8421.999
8421.499
8420.999
8420.499
8419.999
8419.499
8418.999
8418.499
8417.999
8417.499
8416.999
8416.499
8415.999
8415.499
8414.999
8414.499
8413.999
8413.499
8412.999
8412.499
8411.999
8411.499
8410.999
8410.499
8409.999
8409.499
8408.999
8408.499
8407.999
8407.499
8406.999
8406.499
8405.999
8405.499
8404.999
8404.499
8403.999
8403.499
8402.999
8402.499
8401.999
8401.499
8400.999
8400.499
8399.999
8399.499
8398.999
8398.499
8397.999
8397.499
8396.999
8396.499
8395.999
8395.499
8394.999
8394.499
8393.999
8393.499
8392.999
8392.499
8391.999
8391.499
8390.999
8390.499
8389.999
8389.499
8388.999
8388.499
8387.999
8387.499
8386.999
8386.499
8385.999
8385.499
8384.999
8384.499
8383.999
8383.499
8382.999
8382.499
8381.999
8381.499
8380.999
8380.499
8379.999
8379.499
8378.999
8378.499
8377.999
8377.499
8376.999
8376.499
8375.999
8375.499
8374.999
8374.499
8373.999
8373.499
8372.999
8372.499
8371.999
8371.499
8370.999
8370.499
8369.999
8369.499
8368.999
8368.499
8367.999
8367.499
8366.999
8366.499
8365.999
8365.499
8364.999
8364.499
8363.999
8363.499
8362.999
8362.499
8361.999
8361.499
8360.999
8360.499
8359.999
8359.499
8358.999
8358.499
8357.999
8357.499
8356.999
8356.499
8355.999
8355.499
8354.999
8354.499
8353.999
8353.499
8352.999
8352.499
8351.999
8351.499
8350.999
8350.499
8349.999
8349.499
8348.999
8348.499
8347.999
8347.499
8346.999
8346.499
8345.999
8345.499
8344.999
8344.499
8343.999
8343.499
8342.999
8342.499
8341.999
8341.499
8340.999
8340.499
8339.999
8339.499
8338.999
8338.499
8337.999
8337.499
8336.999
8336.499
8335.999
8335.499
8334.999
8334.499
8333.999
8333.499
8332.999
8332.499
8331.999
8331.499
8330.999
8330.499
8329.999
8329.499
8328.999
8328.499
8327.999
8327.499
8326.999
8326.499
8325.999
8325.499
8324.999
8324.499
8323.999
8323.499
8322.999
8322.499
8321.999
8321.499
8320.999
8320.499
8319.999
8319.499
8318.999
8318.499
8317.999
8317.499
8316.999
8316.499
8315.999
8315.499
8314.999
8314.499
8313.999
8313.499
8312.999
8312.499
8311.999
8311.499
8310.999
8310.499
8309.999
8309.499
8308.999
8308.499
8307.999
8307.499
8306.999
8306.499
8305.999
8305.499
8304.999
8304.499
8303.999
8303.499
8302.999
8302.499
8301.999
8301.499
8300.999
8300.499
8299.999
8299.499
8298.999
8298.499
8297.999
8297.499
8296.999
8296.499
8295.999
8295.499
8294.999
8294.499
8293.999
8293.499
8292.999
8292.499
8291.999
8291.499
8290.999
8290.499
8289.999
8289.499
8288.999
8288.499
8287.999
8287.499
8286.999
8286.499
8285.999
8285.499
8284.999
8284.499
8283.999
8283.499
8282.999
8282.499
8281.999
8281.499
8280.999
8280.499
8279.999
8279.499
8278.999
8278.499
8277.999
8277.499
8276.999
8276.499
8275.999
8275.499
8274.999
8274.499
8273.999
8273.499
8272.999
8272.499
8271.999
8271.499
8270.999
8270.499
8269.999
8269.499
8268.999
8268.499
8267.999
8267.499
8266.999
8266.499
8265.999
8265.499
8264.999
8264.499
8263.999
8263.499
8262.999
8262.499
8261.999
8261.499
8260.999
8260.499
8259.999
8259.499
8258.999
8258.499
8257.999
8257.499
8256.999
8256.499
8255.999
8255.499
8254.999
8254.499
8253.999
8253.499
8252.999
8252.499
8251.999
8251.499
8250.999
8250.499
8249.999
8249.499
8248.999
8248.499
8247.999
8247.499
8246.999
8246.499
8245.999
8245.499
8244.999
8244.499
8243.999
8243.499
8242.999
8242.499
8241.999
8241.499
8240.999
8240.499
8239.999
8239.499
8238.999
8238.499
8237.999
8237.499
8236.999
8236.499
8235.999
8235.499
8234.999
8234.499
8233.999
8233.499
8232.999
8232.499
8231.999
8231.499
8230.999
8230.499
8229.999
8229.499
8228.999
8228.499
8227.999
8227.499
8226.999
8226.499
8225.999
8225.499
8224.999
8224.499
8223.999
8223.499
8222.999
8222.499
8221.999
8221.499
8220.999
8220.499
8219.999
8219.499
8218.999
8218.499
8217.999
8217.499
8216.999
8216.499
8215.999
8215.499
8214.999
8214.499
8213.999
8213.499
8212.999
8212.499
8211.999
8211.499
8210.999
8210.499
8209.999
8209.499
8208.999
8208.499
8207.999
8207.499
8206.999
8206.499
8205.999
8205.499
8204.999
8204.499
8203.999
8203.499
8202.999
8202.499
8201.999
8201.499
8200.999
8200.499
8199.999
8199.499
8198.999
8198.499
8197.999
8197.499
8196.999
8196.499
8195.999
8195.499
8194.999
8194.499
8193.999
8193.499
8192.999
8192.499
8191.999
8191.499
8190.999
8190.499
8189.999
8189.499
8188.999
8188.499
8187.999
8187.499
8186.999
8186.499
8185.999
8185.499
8184.999
8184.499
8183.999
8183.499
8182.999
8182.499
8181.999
8181.499
8180.999
8180.499
8179.999
8179.499
8178.999
8178.499
8177.999
8177.499
8176.999
8176.499
8175.999
8175.499
8174.999
8174.499
8173.999
8173.499
8172.999
8172.499
8171.999
8171.499
8170.999
8170.499
8169.999
8169.499
8168.999
8168.499
8167.999
8167.499
8166.999
8166.499
8165.999
8165.499
8164.999
8164.499
8163.999
8163.499
8162.999
8162.499
8161.999
8161.499
8160.999
8160.499
8159.999
8159.499
8158.999
8158.499
8157.999
8157.499
8156.999
8156.499
8155.999
8155.499
8154.999
8154.499
8153.999
8153.499
8152.999
8152.499
8151.999
8151.499
8150.999
8150.499
8149.999
8149.499
8148.999
8148.499
8147.999
8147.499
8146.999
8146.499
8145.999
8145.499
8144.999
8144.499
8143.999
8143.499
8142.999
8142.499
8141.999
8141.499
8140.999
8140.499
8139.999
8139.499
8138.999
8138.499
8137.999
8137.499
8136.999
8136.499
8135.999
8135.499
8134.999
8134.499
8133.999
8133.499
8132.999
8132.499
8131.999
8131.499
8130.999
8130.499
8129.999
8129.499
8128.999
8128.499
8127.999
8127.499
8126.999
8126.499
8125.999
8125.499
8124.999
8124.499
8123.999
8123.499
8122.999
8122.499
8121.999
8121.499
8120.999
8120.499
8119.999
8119.499
8118.999
8118.499
8117.999
8117.499
8116.999
8116.499
8115.999
8115.499
8114.999
8114.499
8113.999
8113.499
8112.999
8112.499
8111.999
8111.499
8110.999
8110.499
8109.999
8109.499
8108.999
8108.499
8107.999
8107.499
8106.999
8106.499
8105.999
8105.499
8104.999
8104.499
8103.999
8103.499
8102.999
8102.499
8101.999
8101.499
8100.999
8100.499
8099.999
8099.499
8098.999
8098.499
8097.999
8097.499
8096.999
8096.499
8095.999
8095.499
8094.999
8094.499
8093.999
8093.499
8092.999
8092.499
8091.999
8091.499
8090.999
8090.499
8089.999
8089.499
8088.999
8088.499
8087.999
8087.499
8086.999
8086.499
8085.999
8085.499
8084.999
8084.499
8083.999
8083.499
8082.999
8082.499
8081.999
8081.499
8080.999
8080.499
8079.999
8079.499
8078.999
8078.499
8077.999
8077.499
8076.999
8076.499
8075.999
8075.499
8074.999
8074.499
8073.999
8073.499
8072.999
8072.499
8071.999
8071.499
8070.999
8070.499
8069.999
8069.499
8068.999
8068.499
8067.999
8067.499
8066.999
8066.499
8065.999
8065.499
8064.999
8064.499
8063.999
8063.499
8062.999
8062.499
8061.999
8061.499
8060.999
8060.499
8059.999
8059.499
8058.999
8058.499
8057.999
8057.499
8056.999
8056.499
8055.999
8055.499
8054.999
8054.499
8053.999
8053.499
8052.999
8052.499
8051.999
8051.499
8050.999
8050.499
8049.999
8049.499
8048.999
8048.499
8047.999
8047.499
8046.999
8046.499
8045.999
8045.499
8044.999
8044.499
8043.999
8043.499
8042.999
8042.499
8041.999
8041.499
8040.999
8040.499
8039.999
8039.499
8038.999
8038.499
8037.999
8037.499
8036.999
8036.499
8035.999
8035.499
8034.999
8034.499
8033.999
8033.499
8032.999
8032.499
8031.999
8031.499
8030.999
8030.499
8029.999
8029.499
8028.999
8028.499
8027.999
8027.499
8026.999
8026.499
8025.999
8025.499
8024.999
8024.499
8023.999
8023.499
8022.999
8022.499
8021.999
8021.499
8020.999
8020.499
8019.999
8019.499
8018.999
8018.499
8017.999
8017.499
8016.999
8016.499
8015.999
8015.499
8014.999
8014.499
8013.999
8013.499
8012.999
8012.499
8011.999
8011.499
8010.999
8010.499
8009.999
8009.499
8008.999
8008.499
8007.999
8007.499
8006.999
8006.499
8005.999
8005.499
8004.999
8004.499
8003.999
8003.499
8002.999
8002.499
8001.999
8001.499
8000.999
8000.499
7999.999
7999.499
7998.999
7998.499
7997.999
7997.499
7996.999
7996.499
7995.999
7995.499
7994.999
7994.499
7993.999
7993.499
7992.999
7992.499
7991.999
7991.499
7990.999
7990.499
7989.999
7989.499
7988.999
7988.499
7987.999
7987.499
7986.999
7986.499
7985.999
7985.499
7984.999
7984.499
7983.999
7983.499
7982.999
7982.499
7981.999
7981.499
7980.999
7980.499
7979.999
7979.499
7978.999
7978.499
7977.999
7977.499
7976.999
7976.499
7975.999
7975.499
7974.999
7974.499
7973.999
7973.499
7972.999
7972.499
7971.999
7971.499
7970.999
7970.499
7969.999
7969.499
7968.999
7968.499
7967.999
7967.499
7966.999
7966.499
7965.999
7965.499
7964.999
7964.499
7963.999
7963.499
7962.999
7962.499
7961.999
7961.499
7960.999
7960.499
7959.999
7959.499
7958.999
7958.499
7957.999
7957.499
7956.999
7956.499
7955.999
7955.499
7954.999
7954.499
7953.999
7953.499
7952.999
7952.499
7951.999
7951.499
7950.999
7950.499
7949.999
7949.499
7948.999
7948.499
7947.999
7947.499
7946.999
7946.499
7945.999
7945.499
7944.999
7944.499
7943.999
7943.499
7942.999
7942.499
7941.999
7941.499
7940.999
7940.499
7939.999
7939.499
7938.999
7938.499
7937.999
7937.499
7936.999
7936.499
7935.999
7935.499
7934.999
7934.499
7933.999
7933.499
7932.999
7932.499
7931.999
7931.499
7930.999
7930.499
7929.999
7929.499
7928.999
7928.499
7927.999
7927.499
7926.999
7926.499
7925.999
7925.499
7924.999
7924.499
7923.999
7923.499
7922.999
7922.499
7921.999
7921.499
7920.999
7920.499
7919.999
7919.499
7918.999
7918.499
7917.999
7917.499
7916.999
7916.499
7915.999
7915.499
7914.999
7914.499
7913.999
7913.499
7912.999
7912.499
7911.999
7911.499
7910.999
7910.499
7909.999
7909.499
7908.999
7908.499
7907.999
7907.499
7906.999
7906.499
7905.999
7905.499
7904.999
7904.499
7903.999
7903.499
7902.999
7902.499
7901.999
7901.499
7900.999
7900.499
7899.999
7899.499
7898.999
7898.499
7897.999
7897.499
7896.999
7896.499
7895.999
7895.499
7894.999
7894.499
7893.999
7893.499
7892.999
7892.499
7891.999
7891.499
7890.999
7890.499
7889.999
7889.499
7888.999
7888.499
7887.999
7887.499
7886.999
7886.499
7885.999
7885.499
7884.999
7884.499
7883.999
7883.499
7882.999
7882.499
7881.999
7881.499
7880.999
7880.499
7879.999
7879.499
7878.999
7878.499
7877.999
7877.499
7876.999
7876.499
7875.999
7875.499
7874.999
7874.499
7873.999
7873.499
7872.999
7872.499
7871.999
7871.499
7870.999
7870.499
7869.999
7869.499
7868.999
7868.499
7867.999
7867.499
7866.999
7866.499
7865.999
7865.499
7864.999
7864.499
7863.999
7863.499
7862.999
7862.499
7861.999
7861.499
7860.999
7860.499
7859.999
7859.499
7858.999
7858.499
7857.999
7857.499
7856.999
7856.499
7855.999
7855.499
7854.999
7854.499
7853.999
7853.499
7852.999
7852.499
7851.999
7851.499
7850.999
7850.499
7849.999
7849.499
7848.999
7848.499
7847.999
7847.499
7846.999
7846.499
7845.999
7845.499
7844.999
7844.499
7843.999
7843.499
7842.999
7842.499
7841.999
7841.499
7840.999
7840.499
7839.999
7839.499
7838.999
7838.499
7837.999
7837.499
7836.999
7836.499
7835.999
7835.499
7834.999
7834.499
7833.999
7833.499
7832.999
7832.499
7831.999
7831.499
7830.999
7830.499
7829.999
7829.499
7828.999
7828.499
7827.999
7827.499
7826.999
7826.499
7825.999
7825.499
7824.999
7824.499
7823.999
7823.499
7822.999
7822.499
7821.999
7821.499
7820.999
7820.499
7819.999
7819.499