8492.999
8492.499
8491.999
8491.499
8490.999
8490.499
8489.999
8489.499
8488.999
8488.499
8487.999
8487.499
8486.999
8486.499
8485.999
8485.499
8484.999
8484.499
8483.999
8483.499
8482.999
8482.499
8481.999
8481.499
8480.999
8480.499
8479.999
8479.499
8478.999
8478.499
8477.999
8477.499
8476.999
8476.499
8475.999
8475.499
8474.999
8474.499
8473.999
8473.499
8472.999
8472.499
8471.999
8471.499
8470.999
8470.499
8469.999
8469.499
8468.999
8468.499
8467.999
8467.499
8466.999
8466.499
8465.999
8465.499
8464.999
8464.499
8463.999
8463.499
8462.999
8462.499
8461.999
8461.499
8460.999
8460.499
8459.999
8459.499
8458.999
8458.499
8457.999
8457.499
8456.999
8456.499
8455.999
8455.499
8454.999
8454.499
8453.999
8453.499
8452.999
8452.499
8451.999
8451.499
8450.999
8450.499
8449.999
8449.499
8448.999
8448.499
8447.999
8447.499
8446.999
8446.499
8445.999
8445.499
8444.999
8444.499
8443.999
8443.499
8442.999
8442.499
8441.999
8441.499
8440.999
8440.499
8439.999
8439.499
8438.999
8438.499
8437.999
8437.499
8436.999
8436.499
8435.999
8435.499
8434.999
8434.499
8433.999
8433.499
8432.999
8432.499
8431.999
8431.499
8430.999
8430.499
8429.999
8429.499
8428.999
8428.499
8427.999
8427.499
8426.999
8426.499
8425.999
8425.499
8424.999
8424.499
8423.999
8423.499
8422.999
8422.499
8421.999
8421.499
8420.999
8420.499
8419.999
8419.499
8418.999
8418.499
8417.999
8417.499
8416.999
8416.499
8415.999
8415.499
8414.999
8414.499
8413.999
8413.499
8412.999
8412.499
8411.999
8411.499
8410.999
8410.499
8409.999
8409.499
8408.999
8408.499
8407.999
8407.499
8406.999
8406.499
8405.999
8405.499
8404.999
8404.499
8403.999
8403.499
8402.999
8402.499
8401.999
8401.499
8400.999
8400.499
8399.999
8399.499
8398.999
8398.499
8397.999
8397.499
8396.999
8396.499
8395.999
8395.499
8394.999
8394.499
8393.999
8393.499
8392.999
8392.499
8391.999
8391.499
8390.999
8390.499
8389.999
8389.499
8388.999
8388.499
8387.999
8387.499
8386.999
8386.499
8385.999
8385.499
8384.999
8384.499
8383.999
8383.499
8382.999
8382.499
8381.999
8381.499
8380.999
8380.499
8379.999
8379.499
8378.999
8378.499
8377.999
8377.499
8376.999
8376.499
8375.999
8375.499
8374.999
8374.499
8373.999
8373.499
8372.999
8372.499
8371.999
8371.499
8370.999
8370.499
8369.999
8369.499
8368.999
8368.499
8367.999
8367.499
8366.999
8366.499
8365.999
8365.499
8364.999
8364.499
8363.999
8363.499
8362.999
8362.499
8361.999
8361.499
8360.999
8360.499
8359.999
8359.499
8358.999
8358.499
8357.999
8357.499
8356.999
8356.499
8355.999
8355.499
8354.999
8354.499
8353.999
8353.499
8352.999
8352.499
8351.999
8351.499
8350.999
8350.499
8349.999
8349.499
8348.999
8348.499
8347.999
8347.499
8346.999
8346.499
8345.999
8345.499
8344.999
8344.499
8343.999
8343.499
8342.999
8342.499
8341.999
8341.499
8340.999
8340.499
8339.999
8339.499
8338.999
8338.499
8337.999
8337.499
8336.999
8336.499
8335.999
8335.499
8334.999
8334.499
8333.999
8333.499
8332.999
8332.499
8331.999
8331.499
8330.999
8330.499
8329.999
8329.499
8328.999
8328.499
8327.999
8327.499
8326.999
8326.499
8325.999
8325.499
8324.999
8324.499
8323.999
8323.499
8322.999
8322.499
8321.999
8321.499
8320.999
8320.499
8319.999
8319.499
8318.999
8318.499
8317.999
8317.499
8316.999
8316.499
8315.999
8315.499
8314.999
8314.499
8313.999
8313.499
8312.999
8312.499
8311.999
8311.499
8310.999
8310.499
8309.999
8309.499
8308.999
8308.499
8307.999
8307.499
8306.999
8306.499
8305.999
8305.499
8304.999
8304.499
8303.999
8303.499
8302.999
8302.499
8301.999
8301.499
8300.999
8300.499
8299.999
8299.499
8298.999
8298.499
8297.999
8297.499
8296.999
8296.499
8295.999
8295.499
8294.999
8294.499
8293.999
8293.499
8292.999
8292.499
8291.999
8291.499
8290.999
8290.499
8289.999
8289.499
8288.999
8288.499
8287.999
8287.499
8286.999
8286.499
8285.999
8285.499
8284.999
8284.499
8283.999
8283.499
8282.999
8282.499
8281.999
8281.499
8280.999
8280.499
8279.999
8279.499
8278.999
8278.499
8277.999
8277.499
8276.999
8276.499
8275.999
8275.499
8274.999
8274.499
8273.999
8273.499
8272.999
8272.499
8271.999
8271.499
8270.999
8270.499
8269.999
8269.499
8268.999
8268.499
8267.999
8267.499
8266.999
8266.499
8265.999
8265.499
8264.999
8264.499
8263.999
8263.499
8262.999
8262.499
8261.999
8261.499
8260.999
8260.499
8259.999
8259.499
8258.999
8258.499
8257.999
8257.499
8256.999
8256.499
8255.999
8255.499
8254.999
8254.499
8253.999
8253.499
8252.999
8252.499
8251.999
8251.499
8250.999
8250.499
8249.999
8249.499
8248.999
8248.499
8247.999
8247.499
8246.999
8246.499
8245.999
8245.499
8244.999
8244.499
8243.999
8243.499
8242.999
8242.499
8241.999
8241.499
8240.999
8240.499
8239.999
8239.499
8238.999
8238.499
8237.999
8237.499
8236.999
8236.499
8235.999
8235.499
8234.999
8234.499
8233.999
8233.499
8232.999
8232.499
8231.999
8231.499
8230.999
8230.499
8229.999
8229.499
8228.999
8228.499
8227.999
8227.499
8226.999
8226.499
8225.999
8225.499
8224.999
8224.499
8223.999
8223.499
8222.999
8222.499
8221.999
8221.499
8220.999
8220.499
8219.999
8219.499
8218.999
8218.499
8217.999
8217.499
8216.999
8216.499
8215.999
8215.499
8214.999
8214.499
8213.999
8213.499
8212.999
8212.499
8211.999
8211.499
8210.999
8210.499
8209.999
8209.499
8208.999
8208.499
8207.999
8207.499
8206.999
8206.499
8205.999
8205.499
8204.999
8204.499
8203.999
8203.499
8202.999
8202.499
8201.999
8201.499
8200.999
8200.499
8199.999
8199.499
8198.999
8198.499
8197.999
8197.499
8196.999
8196.499
8195.999
8195.499
8194.999
8194.499
8193.999
8193.499
8192.999
8192.499
8191.999
8191.499
8190.999
8190.499
8189.999
8189.499
8188.999
8188.499
8187.999
8187.499
8186.999
8186.499
8185.999
8185.499
8184.999
8184.499
8183.999
8183.499
8182.999
8182.499
8181.999
8181.499
8180.999
8180.499
8179.999
8179.499
8178.999
8178.499
8177.999
8177.499
8176.999
8176.499
8175.999
8175.499
8174.999
8174.499
8173.999
8173.499
8172.999
8172.499
8171.999
8171.499
8170.999
8170.499
8169.999
8169.499
8168.999
8168.499
8167.999
8167.499
8166.999
8166.499
8165.999
8165.499
8164.999
8164.499
8163.999
8163.499
8162.999
8162.499
8161.999
8161.499
8160.999
8160.499
8159.999
8159.499
8158.999
8158.499
8157.999
8157.499
8156.999
8156.499
8155.999
8155.499
8154.999
8154.499
8153.999
8153.499
8152.999
8152.499
8151.999
8151.499
8150.999
8150.499
8149.999
8149.499
8148.999
8148.499
8147.999
8147.499
8146.999
8146.499
8145.999
8145.499
8144.999
8144.499
8143.999
8143.499
8142.999
8142.499
8141.999
8141.499
8140.999
8140.499
8139.999
8139.499
8138.999
8138.499
8137.999
8137.499
8136.999
8136.499
8135.999
8135.499
8134.999
8134.499
8133.999
8133.499
8132.999
8132.499
8131.999
8131.499
8130.999
8130.499
8129.999
8129.499
8128.999
8128.499
8127.999
8127.499
8126.999
8126.499
8125.999
8125.499
8124.999
8124.499
8123.999
8123.499
8122.999
8122.499
8121.999
8121.499
8120.999
8120.499
8119.999
8119.499
8118.999
8118.499
8117.999
8117.499
8116.999
8116.499
8115.999
8115.499
8114.999
8114.499
8113.999
8113.499
8112.999
8112.499
8111.999
8111.499
8110.999
8110.499
8109.999
8109.499
8108.999
8108.499
8107.999
8107.499
8106.999
8106.499
8105.999
8105.499
8104.999
8104.499
8103.999
8103.499
8102.999
8102.499
8101.999
8101.499
8100.999
8100.499
8099.999
8099.499
8098.999
8098.499
8097.999
8097.499
8096.999
8096.499
8095.999
8095.499
8094.999
8094.499
8093.999
8093.499
8092.999
8092.499
8091.999
8091.499
8090.999
8090.499
8089.999
8089.499
8088.999
8088.499
8087.999
8087.499
8086.999
8086.499
8085.999
8085.499
8084.999
8084.499
8083.999
8083.499
8082.999
8082.499
8081.999
8081.499
8080.999
8080.499
8079.999
8079.499
8078.999
8078.499
8077.999
8077.499
8076.999
8076.499
8075.999
8075.499
8074.999
8074.499
8073.999
8073.499
8072.999
8072.499
8071.999
8071.499
8070.999
8070.499
8069.999
8069.499
8068.999
8068.499
8067.999
8067.499
8066.999
8066.499
8065.999
8065.499
8064.999
8064.499
8063.999
8063.499
8062.999
8062.499
8061.999
8061.499
8060.999
8060.499
8059.999
8059.499
8058.999
8058.499
8057.999
8057.499
8056.999
8056.499
8055.999
8055.499
8054.999
8054.499
8053.999
8053.499
8052.999
8052.499
8051.999
8051.499
8050.999
8050.499
8049.999
8049.499
8048.999
8048.499
8047.999
8047.499
8046.999
8046.499
8045.999
8045.499
8044.999
8044.499
8043.999
8043.499
8042.999
8042.499
8041.999
8041.499
8040.999
8040.499
8039.999
8039.499
8038.999
8038.499
8037.999
8037.499
8036.999
8036.499
8035.999
8035.499
8034.999
8034.499
8033.999
8033.499
8032.999
8032.499
8031.999
8031.499
8030.999
8030.499
8029.999
8029.499
8028.999
8028.499
8027.999
8027.499
8026.999
8026.499
8025.999
8025.499
8024.999
8024.499
8023.999
8023.499
8022.999
8022.499
8021.999
8021.499
8020.999
8020.499
8019.999
8019.499
8018.999
8018.499
8017.999
8017.499
8016.999
8016.499
8015.999
8015.499
8014.999
8014.499
8013.999
8013.499
8012.999
8012.499
8011.999
8011.499
8010.999
8010.499
8009.999
8009.499
8008.999
8008.499
8007.999
8007.499
8006.999
8006.499
8005.999
8005.499
8004.999
8004.499
8003.999
8003.499
8002.999
8002.499
8001.999
8001.499
8000.999
8000.499
7999.999
7999.499
7998.999
7998.499
7997.999
7997.499
7996.999
7996.499
7995.999
7995.499
7994.999
7994.499
7993.999
7993.499
7992.999
7992.499
7991.999