# Sensolytics: 3.12
# Line Scan
# Warning: the data-format is using a '.' as decimal sign. German Windows-systems may have problems with this...
# Experiment started: 5/8/2025 3:02:36 PM
# Stepper motors position: X 14,029.400 µm; Y 9,891.000 µm; Z 8,391.499 µm
# Piezo controller position: X 0.000 µm; Y 100.000 µm; Z 100.000 µm
# Potentiostat: ECD Off
# Potential WE1 at start [V]: 0.400
# Potential WE2 at start: OCP
# Controller: PCIe LStep Express
# Axis: ZAxis
# Direction: Negative
# Way [µm]: 5000
# Max. Speed [µm/s]: 1
# Increment [µm]: 0.5
# Waiting Time [ms]: 0
# Stop Condition: Manual
# Position abs. [µm], Position rel. [µm], I WE1 [A]
8491.499, 0.000, 4.37408447265625E-09
8490.999, -0.500, 4.37225341796875E-09
8490.499, -1.000, 4.37225341796875E-09
8489.999, -1.500, 4.3682861328125E-09
8489.499, -2.000, 4.366455078125E-09
8488.999, -2.500, 4.3658447265625E-09
8488.499, -3.000, 4.36431884765625E-09
8487.999, -3.500, 4.36309814453125E-09
8487.499, -4.000, 4.36126708984375E-09
8486.999, -4.500, 4.3603515625E-09
8486.499, -5.000, 4.35791015625E-09
8485.999, -5.500, 4.356689453125E-09
8485.499, -6.000, 4.35638427734375E-09
8484.999, -6.500, 4.3560791015625E-09
8484.499, -7.000, 4.35272216796875E-09
8483.999, -7.500, 4.351806640625E-09
8483.499, -8.000, 4.35150146484375E-09
8482.999, -8.500, 4.3511962890625E-09
8482.499, -9.000, 4.34967041015625E-09
8481.999, -9.500, 4.34844970703125E-09
8481.499, -10.000, 4.3463134765625E-09
8480.999, -10.500, 4.34814453125E-09
8480.499, -11.000, 4.34814453125E-09
8479.999, -11.500, 4.3475341796875E-09
8479.499, -12.000, 4.3475341796875E-09
8478.999, -12.500, 4.34478759765625E-09
8478.499, -13.000, 4.34417724609375E-09
8477.999, -13.500, 4.34478759765625E-09
8477.499, -14.000, 4.3438720703125E-09
8476.999, -14.500, 4.34234619140625E-09
8476.499, -15.000, 4.3426513671875E-09
8475.999, -15.500, 4.34173583984375E-09
8475.499, -16.000, 4.34173583984375E-09
8474.999, -16.500, 4.3408203125E-09
8474.499, -17.000, 4.34051513671875E-09
8473.999, -17.500, 4.339599609375E-09
8473.499, -18.000, 4.3389892578125E-09
8472.999, -18.500, 4.33990478515625E-09
8472.499, -19.000, 4.3377685546875E-09
8471.999, -19.500, 4.33837890625E-09
8471.499, -20.000, 4.33685302734375E-09
8470.999, -20.500, 4.3365478515625E-09
8470.499, -21.000, 4.33624267578125E-09
8469.999, -21.500, 4.3365478515625E-09
8469.499, -22.000, 4.3365478515625E-09
8468.999, -22.500, 4.337158203125E-09
8468.499, -23.000, 4.3353271484375E-09
8467.999, -23.500, 4.33502197265625E-09
8467.499, -24.000, 4.33319091796875E-09
8466.999, -24.500, 4.33502197265625E-09
8466.499, -25.000, 4.33349609375E-09
8465.999, -25.500, 4.33319091796875E-09
8465.499, -26.000, 4.33563232421875E-09
8464.999, -26.500, 4.3328857421875E-09
8464.499, -27.000, 4.33258056640625E-09
8463.999, -27.500, 4.33349609375E-09
8463.499, -28.000, 4.33197021484375E-09
8462.999, -28.500, 4.33319091796875E-09
8462.499, -29.000, 4.33197021484375E-09
8461.999, -29.500, 4.3310546875E-09
8461.499, -30.000, 4.3310546875E-09
8460.999, -30.500, 4.33197021484375E-09
8460.499, -31.000, 4.33135986328125E-09
8459.999, -31.500, 4.33074951171875E-09
8459.499, -32.000, 4.32891845703125E-09
8458.999, -32.500, 4.332275390625E-09
8458.499, -33.000, 4.32891845703125E-09
8457.999, -33.500, 4.3304443359375E-09
8457.499, -34.000, 4.32891845703125E-09
8456.999, -34.500, 4.3310546875E-09
8456.499, -35.000, 4.32952880859375E-09
8455.999, -35.500, 4.32952880859375E-09
8455.499, -36.000, 4.32861328125E-09
8454.999, -36.500, 4.32708740234375E-09
8454.499, -37.000, 4.329833984375E-09
8453.999, -37.500, 4.3280029296875E-09
8453.499, -38.000, 4.32769775390625E-09
8452.999, -38.500, 4.3280029296875E-09
8452.499, -39.000, 4.32769775390625E-09
8451.999, -39.500, 4.32891845703125E-09
8451.499, -40.000, 4.32647705078125E-09
8450.999, -40.500, 4.32708740234375E-09
8450.499, -41.000, 4.327392578125E-09
8449.999, -41.500, 4.326171875E-09
8449.499, -42.000, 4.3280029296875E-09
8448.999, -42.500, 4.327392578125E-09
8448.499, -43.000, 4.32586669921875E-09
8447.999, -43.500, 4.32647705078125E-09
8447.499, -44.000, 4.32769775390625E-09
8446.999, -44.500, 4.3255615234375E-09
8446.499, -45.000, 4.327392578125E-09
8445.999, -45.500, 4.324951171875E-09
8445.499, -46.000, 4.32647705078125E-09
8444.999, -46.500, 4.32708740234375E-09
8444.499, -47.000, 4.32708740234375E-09
8443.999, -47.500, 4.32525634765625E-09
8443.499, -48.000, 4.32586669921875E-09
8442.999, -48.500, 4.32586669921875E-09
8442.499, -49.000, 4.32464599609375E-09
8441.999, -49.500, 4.3267822265625E-09
8441.499, -50.000, 4.3243408203125E-09
8440.999, -50.500, 4.32525634765625E-09
8440.499, -51.000, 4.3243408203125E-09
8439.999, -51.500, 4.326171875E-09
8439.499, -52.000, 4.32464599609375E-09
8438.999, -52.500, 4.32403564453125E-09
8438.499, -53.000, 4.32464599609375E-09
8437.999, -53.500, 4.3255615234375E-09
8437.499, -54.000, 4.32403564453125E-09
8436.999, -54.500, 4.32525634765625E-09
8436.499, -55.000, 4.32403564453125E-09
8435.999, -55.500, 4.32373046875E-09
8435.499, -56.000, 4.32342529296875E-09
8434.999, -56.500, 4.3243408203125E-09
8434.499, -57.000, 4.32373046875E-09
8433.999, -57.500, 4.32403564453125E-09
8433.499, -58.000, 4.32525634765625E-09
8432.999, -58.500, 4.32403564453125E-09
8432.499, -59.000, 4.32373046875E-09
8431.999, -59.500, 4.32342529296875E-09
8431.499, -60.000, 4.32373046875E-09
8430.999, -60.500, 4.32373046875E-09
8430.499, -61.000, 4.32281494140625E-09
8429.999, -61.500, 4.32342529296875E-09
8429.499, -62.000, 4.32281494140625E-09
8428.999, -62.500, 4.32220458984375E-09
8428.499, -63.000, 4.3206787109375E-09
8427.999, -63.500, 4.32281494140625E-09
8427.499, -64.000, 4.32159423828125E-09
8426.999, -64.500, 4.322509765625E-09
8426.499, -65.000, 4.32281494140625E-09
8425.999, -65.500, 4.32220458984375E-09
8425.499, -66.000, 4.322509765625E-09
8424.999, -66.500, 4.3212890625E-09
8424.499, -67.000, 4.3212890625E-09
8423.999, -67.500, 4.3218994140625E-09
8423.499, -68.000, 4.32220458984375E-09
8422.999, -68.500, 4.322509765625E-09
8422.499, -69.000, 4.32159423828125E-09
8421.999, -69.500, 4.32220458984375E-09
8421.499, -70.000, 4.32037353515625E-09
8420.999, -70.500, 4.32220458984375E-09
8420.499, -71.000, 4.32281494140625E-09
8419.999, -71.500, 4.31976318359375E-09
8419.499, -72.000, 4.3212890625E-09
8418.999, -72.500, 4.32098388671875E-09
8418.499, -73.000, 4.3206787109375E-09
8417.999, -73.500, 4.320068359375E-09
8417.499, -74.000, 4.32037353515625E-09
8416.999, -74.500, 4.32098388671875E-09
8416.499, -75.000, 4.32098388671875E-09
8415.999, -75.500, 4.3206787109375E-09
8415.499, -76.000, 4.320068359375E-09
8414.999, -76.500, 4.32159423828125E-09
8414.499, -77.000, 4.32037353515625E-09
8413.999, -77.500, 4.32098388671875E-09
8413.499, -78.000, 4.3218994140625E-09
8412.999, -78.500, 4.31976318359375E-09
8412.499, -79.000, 4.31884765625E-09
8411.999, -79.500, 4.3212890625E-09
8411.499, -80.000, 4.31976318359375E-09
8410.999, -80.500, 4.32098388671875E-09
8410.499, -81.000, 4.32037353515625E-09
8409.999, -81.500, 4.31976318359375E-09
8409.499, -82.000, 4.320068359375E-09
8408.999, -82.500, 4.31915283203125E-09
8408.499, -83.000, 4.3206787109375E-09
8407.999, -83.500, 4.3206787109375E-09
8407.499, -84.000, 4.31884765625E-09
8406.999, -84.500, 4.3206787109375E-09
8406.499, -85.000, 4.3206787109375E-09
8405.999, -85.500, 4.3182373046875E-09
8405.499, -86.000, 4.31884765625E-09
8404.999, -86.500, 4.320068359375E-09
8404.499, -87.000, 4.31793212890625E-09
8403.999, -87.500, 4.317626953125E-09
8403.499, -88.000, 4.31793212890625E-09
8402.999, -88.500, 4.31793212890625E-09
8402.499, -89.000, 4.31854248046875E-09
8401.999, -89.500, 4.3182373046875E-09
8401.499, -90.000, 4.3194580078125E-09
8400.999, -90.500, 4.31884765625E-09
8400.499, -91.000, 4.31976318359375E-09
8399.999, -91.500, 4.317626953125E-09
8399.499, -92.000, 4.3194580078125E-09
8398.999, -92.500, 4.3182373046875E-09
8398.499, -93.000, 4.31884765625E-09
8397.999, -93.500, 4.3182373046875E-09
8397.499, -94.000, 4.317626953125E-09
8396.999, -94.500, 4.31793212890625E-09
8396.499, -95.000, 4.31854248046875E-09
8395.999, -95.500, 4.31915283203125E-09
8395.499, -96.000, 4.31793212890625E-09
8394.999, -96.500, 4.31640625E-09
8394.499, -97.000, 4.31671142578125E-09
8393.999, -97.500, 4.315185546875E-09
8393.499, -98.000, 4.31640625E-09
8392.999, -98.500, 4.317626953125E-09
8392.499, -99.000, 4.31793212890625E-09
8391.999, -99.500, 4.31671142578125E-09
8391.499, -100.000, 4.3182373046875E-09
8390.999, -100.500, 4.3170166015625E-09
8390.499, -101.000, 4.31732177734375E-09
8389.999, -101.500, 4.3170166015625E-09
8389.499, -102.000, 4.31732177734375E-09
8388.999, -102.500, 4.31640625E-09
8388.499, -103.000, 4.31793212890625E-09
8387.999, -103.500, 4.31732177734375E-09
8387.499, -104.000, 4.3157958984375E-09
8386.999, -104.500, 4.31671142578125E-09
8386.499, -105.000, 4.31640625E-09
8385.999, -105.500, 4.31488037109375E-09
8385.499, -106.000, 4.315185546875E-09
8384.999, -106.500, 4.31640625E-09
8384.499, -107.000, 4.31488037109375E-09
8383.999, -107.500, 4.3157958984375E-09
8383.499, -108.000, 4.3157958984375E-09
8382.999, -108.500, 4.31396484375E-09
8382.499, -109.000, 4.31304931640625E-09
8381.999, -109.500, 4.31640625E-09
8381.499, -110.000, 4.31488037109375E-09
8380.999, -110.500, 4.31640625E-09
8380.499, -111.000, 4.31365966796875E-09
8379.999, -111.500, 4.315185546875E-09
8379.499, -112.000, 4.31640625E-09
8378.999, -112.500, 4.315185546875E-09
8378.499, -113.000, 4.3133544921875E-09
8377.999, -113.500, 4.315185546875E-09
8377.499, -114.000, 4.31488037109375E-09
8376.999, -114.500, 4.31396484375E-09
8376.499, -115.000, 4.315185546875E-09
8375.999, -115.500, 4.31396484375E-09
8375.499, -116.000, 4.31427001953125E-09
8374.999, -116.500, 4.3145751953125E-09
8374.499, -117.000, 4.31365966796875E-09
8373.999, -117.500, 4.3133544921875E-09
8373.499, -118.000, 4.31396484375E-09
8372.999, -118.500, 4.312744140625E-09
8372.499, -119.000, 4.3145751953125E-09
8371.999, -119.500, 4.312744140625E-09
8371.499, -120.000, 4.31304931640625E-09
8370.999, -120.500, 4.3157958984375E-09
8370.499, -121.000, 4.3133544921875E-09
8369.999, -121.500, 4.3133544921875E-09
8369.499, -122.000, 4.31427001953125E-09
8368.999, -122.500, 4.31427001953125E-09
8368.499, -123.000, 4.31243896484375E-09
8367.999, -123.500, 4.31304931640625E-09
8367.499, -124.000, 4.31365966796875E-09
8366.999, -124.500, 4.31365966796875E-09
8366.499, -125.000, 4.31182861328125E-09
8365.999, -125.500, 4.31304931640625E-09
8365.499, -126.000, 4.310302734375E-09
8364.999, -126.500, 4.31365966796875E-09
8364.499, -127.000, 4.3121337890625E-09
8363.999, -127.500, 4.31182861328125E-09
8363.499, -128.000, 4.3109130859375E-09
8362.999, -128.500, 4.31427001953125E-09
8362.499, -129.000, 4.31304931640625E-09
8361.999, -129.500, 4.3115234375E-09
8361.499, -130.000, 4.31182861328125E-09
8360.999, -130.500, 4.3121337890625E-09
8360.499, -131.000, 4.3115234375E-09
8359.999, -131.500, 4.3121337890625E-09
8359.499, -132.000, 4.31182861328125E-09
8358.999, -132.500, 4.3109130859375E-09
8358.499, -133.000, 4.312744140625E-09
8357.999, -133.500, 4.31304931640625E-09
8357.499, -134.000, 4.3109130859375E-09
8356.999, -134.500, 4.3121337890625E-09
8356.499, -135.000, 4.30938720703125E-09
8355.999, -135.500, 4.31060791015625E-09
8355.499, -136.000, 4.3109130859375E-09
8354.999, -136.500, 4.3109130859375E-09
8354.499, -137.000, 4.30999755859375E-09
8353.999, -137.500, 4.30999755859375E-09
8353.499, -138.000, 4.3109130859375E-09
8352.999, -138.500, 4.30938720703125E-09
8352.499, -139.000, 4.3115234375E-09
8351.999, -139.500, 4.307861328125E-09
8351.499, -140.000, 4.30999755859375E-09
8350.999, -140.500, 4.30999755859375E-09
8350.499, -141.000, 4.3096923828125E-09
8349.999, -141.500, 4.3084716796875E-09
8349.499, -142.000, 4.307861328125E-09
8348.999, -142.500, 4.30938720703125E-09
8348.499, -143.000, 4.30908203125E-09
8347.999, -143.500, 4.30908203125E-09
8347.499, -144.000, 4.30877685546875E-09
8346.999, -144.500, 4.3096923828125E-09
8346.499, -145.000, 4.30938720703125E-09
8345.999, -145.500, 4.3084716796875E-09
8345.499, -146.000, 4.30908203125E-09
8344.999, -146.500, 4.3109130859375E-09
8344.499, -147.000, 4.307861328125E-09
8343.999, -147.500, 4.3084716796875E-09
8343.499, -148.000, 4.310302734375E-09
8342.999, -148.500, 4.30816650390625E-09
8342.499, -149.000, 4.307861328125E-09
8341.999, -149.500, 4.30908203125E-09
8341.499, -150.000, 4.31060791015625E-09
8340.999, -150.500, 4.30877685546875E-09
8340.499, -151.000, 4.30755615234375E-09
8339.999, -151.500, 4.30816650390625E-09
8339.499, -152.000, 4.30755615234375E-09
8338.999, -152.500, 4.30877685546875E-09
8338.499, -153.000, 4.30816650390625E-09
8337.999, -153.500, 4.307861328125E-09
8337.499, -154.000, 4.3072509765625E-09
8336.999, -154.500, 4.30938720703125E-09
8336.499, -155.000, 4.30694580078125E-09
8335.999, -155.500, 4.30877685546875E-09
8335.499, -156.000, 4.3060302734375E-09
8334.999, -156.500, 4.30816650390625E-09
8334.499, -157.000, 4.30694580078125E-09
8333.999, -157.500, 4.305419921875E-09
8333.499, -158.000, 4.30816650390625E-09
8332.999, -158.500, 4.30633544921875E-09
8332.499, -159.000, 4.30633544921875E-09
8331.999, -159.500, 4.3060302734375E-09
8331.499, -160.000, 4.30633544921875E-09
8330.999, -160.500, 4.3060302734375E-09
8330.499, -161.000, 4.306640625E-09
8329.999, -161.500, 4.307861328125E-09
8329.499, -162.000, 4.30633544921875E-09
8328.999, -162.500, 4.306640625E-09
8328.499, -163.000, 4.306640625E-09
8327.999, -163.500, 4.30694580078125E-09
8327.499, -164.000, 4.30511474609375E-09
8326.999, -164.500, 4.306640625E-09
8326.499, -165.000, 4.3048095703125E-09
8325.999, -165.500, 4.306640625E-09
8325.499, -166.000, 4.30572509765625E-09
8324.999, -166.500, 4.30572509765625E-09
8324.499, -167.000, 4.302978515625E-09
8323.999, -167.500, 4.30389404296875E-09
8323.499, -168.000, 4.305419921875E-09
8322.999, -168.500, 4.305419921875E-09
8322.499, -169.000, 4.3048095703125E-09
8321.999, -169.500, 4.3060302734375E-09
8321.499, -170.000, 4.30572509765625E-09
8320.999, -170.500, 4.30572509765625E-09
8320.499, -171.000, 4.30328369140625E-09
8319.999, -171.500, 4.30511474609375E-09
8319.499, -172.000, 4.30572509765625E-09
8318.999, -172.500, 4.305419921875E-09
8318.499, -173.000, 4.30419921875E-09
8317.999, -173.500, 4.30450439453125E-09
8317.499, -174.000, 4.30572509765625E-09
8316.999, -174.500, 4.30511474609375E-09
8316.499, -175.000, 4.30267333984375E-09
8315.999, -175.500, 4.30419921875E-09
8315.499, -176.000, 4.3048095703125E-09
8314.999, -176.500, 4.30328369140625E-09
8314.499, -177.000, 4.30328369140625E-09
8313.999, -177.500, 4.30389404296875E-09
8313.499, -178.000, 4.3048095703125E-09
8312.999, -178.500, 4.3035888671875E-09
8312.499, -179.000, 4.30572509765625E-09
8311.999, -179.500, 4.302978515625E-09
8311.499, -180.000, 4.3035888671875E-09
8310.999, -180.500, 4.30389404296875E-09
8310.499, -181.000, 4.30450439453125E-09
8309.999, -181.500, 4.30328369140625E-09
8309.499, -182.000, 4.30328369140625E-09
8308.999, -182.500, 4.30206298828125E-09
8308.499, -183.000, 4.30328369140625E-09
8307.999, -183.500, 4.30389404296875E-09
8307.499, -184.000, 4.3017578125E-09
8306.999, -184.500, 4.3023681640625E-09
8306.499, -185.000, 4.3035888671875E-09
8305.999, -185.500, 4.30267333984375E-09
8305.499, -186.000, 4.3023681640625E-09
8304.999, -186.500, 4.30450439453125E-09
8304.499, -187.000, 4.3023681640625E-09
8303.999, -187.500, 4.3011474609375E-09
8303.499, -188.000, 4.30206298828125E-09
8302.999, -188.500, 4.30145263671875E-09
8302.499, -189.000, 4.3023681640625E-09
8301.999, -189.500, 4.30084228515625E-09
8301.499, -190.000, 4.302978515625E-09
8300.999, -190.500, 4.30023193359375E-09
8300.499, -191.000, 4.29962158203125E-09
8299.999, -191.500, 4.3017578125E-09
8299.499, -192.000, 4.3017578125E-09
8298.999, -192.500, 4.3011474609375E-09
8298.499, -193.000, 4.2999267578125E-09
8297.999, -193.500, 4.30084228515625E-09
8297.499, -194.000, 4.30145263671875E-09
8296.999, -194.500, 4.29901123046875E-09
8296.499, -195.000, 4.30084228515625E-09
8295.999, -195.500, 4.30084228515625E-09
8295.499, -196.000, 4.29901123046875E-09
8294.999, -196.500, 4.29931640625E-09
8294.499, -197.000, 4.29901123046875E-09
8293.999, -197.500, 4.29931640625E-09
8293.499, -198.000, 4.2999267578125E-09
8292.999, -198.500, 4.29931640625E-09
8292.499, -199.000, 4.30023193359375E-09
8291.999, -199.500, 4.30023193359375E-09
8291.499, -200.000, 4.29962158203125E-09
8290.999, -200.500, 4.29931640625E-09
8290.499, -201.000, 4.29901123046875E-09
8289.999, -201.500, 4.2999267578125E-09
8289.499, -202.000, 4.30084228515625E-09
8288.999, -202.500, 4.30023193359375E-09
8288.499, -203.000, 4.2974853515625E-09
8287.999, -203.500, 4.29962158203125E-09
8287.499, -204.000, 4.29901123046875E-09
8286.999, -204.500, 4.29931640625E-09
8286.499, -205.000, 4.298095703125E-09
8285.999, -205.500, 4.29779052734375E-09
8285.499, -206.000, 4.298095703125E-09
8284.999, -206.500, 4.2962646484375E-09
8284.499, -207.000, 4.2974853515625E-09
8283.999, -207.500, 4.29901123046875E-09
8283.499, -208.000, 4.2987060546875E-09
8282.999, -208.500, 4.2987060546875E-09
8282.499, -209.000, 4.296875E-09
8281.999, -209.500, 4.296875E-09
8281.499, -210.000, 4.29718017578125E-09
8280.999, -210.500, 4.2987060546875E-09
8280.499, -211.000, 4.29656982421875E-09
8279.999, -211.500, 4.296875E-09
8279.499, -212.000, 4.2974853515625E-09
8278.999, -212.500, 4.29656982421875E-09
8278.499, -213.000, 4.29718017578125E-09
8277.999, -213.500, 4.29656982421875E-09
8277.499, -214.000, 4.295654296875E-09
8276.999, -214.500, 4.2962646484375E-09
8276.499, -215.000, 4.296875E-09
8275.999, -215.500, 4.295654296875E-09
8275.499, -216.000, 4.29534912109375E-09
8274.999, -216.500, 4.295654296875E-09
8274.499, -217.000, 4.2974853515625E-09
8273.999, -217.500, 4.2962646484375E-09
8273.499, -218.000, 4.29473876953125E-09
8272.999, -218.500, 4.2950439453125E-09
8272.499, -219.000, 4.29443359375E-09
8271.999, -219.500, 4.29473876953125E-09
8271.499, -220.000, 4.29534912109375E-09
8270.999, -220.500, 4.29534912109375E-09
8270.499, -221.000, 4.29443359375E-09
8269.999, -221.500, 4.29473876953125E-09
8269.499, -222.000, 4.29290771484375E-09
8268.999, -222.500, 4.2938232421875E-09
8268.499, -223.000, 4.29412841796875E-09
8267.999, -223.500, 4.29473876953125E-09
8267.499, -224.000, 4.29290771484375E-09
8266.999, -224.500, 4.2938232421875E-09
8266.499, -225.000, 4.29229736328125E-09
8265.999, -225.500, 4.2938232421875E-09
8265.499, -226.000, 4.2926025390625E-09
8264.999, -226.500, 4.29412841796875E-09
8264.499, -227.000, 4.2938232421875E-09
8263.999, -227.500, 4.29046630859375E-09
8263.499, -228.000, 4.29229736328125E-09
8262.999, -228.500, 4.29290771484375E-09
8262.499, -229.000, 4.293212890625E-09
8261.999, -229.500, 4.29351806640625E-09
8261.499, -230.000, 4.29290771484375E-09
8260.999, -230.500, 4.29229736328125E-09
8260.499, -231.000, 4.29107666015625E-09
8259.999, -231.500, 4.29046630859375E-09
8259.499, -232.000, 4.29168701171875E-09
8258.999, -232.500, 4.2926025390625E-09
8258.499, -233.000, 4.29168701171875E-09
8257.999, -233.500, 4.290771484375E-09
8257.499, -234.000, 4.29046630859375E-09
8256.999, -234.500, 4.2889404296875E-09
8256.499, -235.000, 4.29107666015625E-09
8255.999, -235.500, 4.29107666015625E-09
8255.499, -236.000, 4.29107666015625E-09
8254.999, -236.500, 4.29046630859375E-09
8254.499, -237.000, 4.29229736328125E-09
8253.999, -237.500, 4.288330078125E-09
8253.499, -238.000, 4.29046630859375E-09
8252.999, -238.500, 4.28985595703125E-09
8252.499, -239.000, 4.288330078125E-09
8251.999, -239.500, 4.2901611328125E-09
8251.499, -240.000, 4.28924560546875E-09
8250.999, -240.500, 4.290771484375E-09
8250.499, -241.000, 4.28924560546875E-09
8249.999, -241.500, 4.28802490234375E-09
8249.499, -242.000, 4.28955078125E-09
8248.999, -242.500, 4.28680419921875E-09
8248.499, -243.000, 4.28741455078125E-09
8247.999, -243.500, 4.288330078125E-09
8247.499, -244.000, 4.28955078125E-09
8246.999, -244.500, 4.288330078125E-09
8246.499, -245.000, 4.2864990234375E-09
8245.999, -245.500, 4.28863525390625E-09
8245.499, -246.000, 4.287109375E-09
8244.999, -246.500, 4.28741455078125E-09
8244.499, -247.000, 4.287109375E-09
8243.999, -247.500, 4.28680419921875E-09
8243.499, -248.000, 4.28558349609375E-09
8242.999, -248.500, 4.28497314453125E-09
8242.499, -249.000, 4.28680419921875E-09
8241.999, -249.500, 4.2864990234375E-09
8241.499, -250.000, 4.28436279296875E-09
8240.999, -250.500, 4.285888671875E-09
8240.499, -251.000, 4.2852783203125E-09
8239.999, -251.500, 4.2864990234375E-09
8239.499, -252.000, 4.285888671875E-09
8238.999, -252.500, 4.28375244140625E-09
8238.499, -253.000, 4.2840576171875E-09
8237.999, -253.500, 4.28466796875E-09
8237.499, -254.000, 4.2840576171875E-09
8236.999, -254.500, 4.283447265625E-09
8236.499, -255.000, 4.2852783203125E-09
8235.999, -255.500, 4.283447265625E-09
8235.499, -256.000, 4.2840576171875E-09
8234.999, -256.500, 4.283447265625E-09
8234.499, -257.000, 4.28375244140625E-09
8233.999, -257.500, 4.283447265625E-09
8233.499, -258.000, 4.2822265625E-09
8232.999, -258.500, 4.28375244140625E-09
8232.499, -259.000, 4.2840576171875E-09
8231.999, -259.500, 4.28314208984375E-09
8231.499, -260.000, 4.2828369140625E-09
8230.999, -260.500, 4.28253173828125E-09
8230.499, -261.000, 4.28375244140625E-09
8229.999, -261.500, 4.28314208984375E-09
8229.499, -262.000, 4.28131103515625E-09
8228.999, -262.500, 4.28070068359375E-09
8228.499, -263.000, 4.28131103515625E-09
8227.999, -263.500, 4.28192138671875E-09
8227.499, -264.000, 4.28009033203125E-09
8226.999, -264.500, 4.28131103515625E-09
8226.499, -265.000, 4.2822265625E-09
8225.999, -265.500, 4.28070068359375E-09
8225.499, -266.000, 4.28070068359375E-09
8224.999, -266.500, 4.2791748046875E-09
8224.499, -267.000, 4.28009033203125E-09
8223.999, -267.500, 4.28009033203125E-09
8223.499, -268.000, 4.27764892578125E-09
8222.999, -268.500, 4.27947998046875E-09
8222.499, -269.000, 4.27947998046875E-09
8221.999, -269.500, 4.27947998046875E-09
8221.499, -270.000, 4.27886962890625E-09
8220.999, -270.500, 4.27703857421875E-09
8220.499, -271.000, 4.27978515625E-09
8219.999, -271.500, 4.27886962890625E-09
8219.499, -272.000, 4.27978515625E-09
8218.999, -272.500, 4.27734375E-09
8218.499, -273.000, 4.2767333984375E-09
8217.999, -273.500, 4.2791748046875E-09
8217.499, -274.000, 4.27734375E-09
8216.999, -274.500, 4.27703857421875E-09
8216.499, -275.000, 4.2779541015625E-09
8215.999, -275.500, 4.27764892578125E-09
8215.499, -276.000, 4.27764892578125E-09
8214.999, -276.500, 4.27734375E-09
8214.499, -277.000, 4.2755126953125E-09
8213.999, -277.500, 4.2767333984375E-09
8213.499, -278.000, 4.2767333984375E-09
8212.999, -278.500, 4.2755126953125E-09
8212.499, -279.000, 4.27490234375E-09
8211.999, -279.500, 4.2767333984375E-09
8211.499, -280.000, 4.27581787109375E-09
8210.999, -280.500, 4.276123046875E-09
8210.499, -281.000, 4.27490234375E-09
8209.999, -281.500, 4.27490234375E-09
8209.499, -282.000, 4.27520751953125E-09
8208.999, -282.500, 4.2742919921875E-09
8208.499, -283.000, 4.2755126953125E-09
8207.999, -283.500, 4.27337646484375E-09
8207.499, -284.000, 4.27215576171875E-09
8206.999, -284.500, 4.27398681640625E-09
8206.499, -285.000, 4.27398681640625E-09
8205.999, -285.500, 4.27398681640625E-09
8205.499, -286.000, 4.27490234375E-09
8204.999, -286.500, 4.273681640625E-09
8204.499, -287.000, 4.27276611328125E-09
8203.999, -287.500, 4.271240234375E-09
8203.499, -288.000, 4.27215576171875E-09
8202.999, -288.500, 4.27276611328125E-09
8202.499, -289.000, 4.27337646484375E-09
8201.999, -289.500, 4.2724609375E-09
8201.499, -290.000, 4.27215576171875E-09
8200.999, -290.500, 4.27093505859375E-09
8200.499, -291.000, 4.2724609375E-09
8199.999, -291.500, 4.2706298828125E-09
8199.499, -292.000, 4.27093505859375E-09
8198.999, -292.500, 4.2706298828125E-09
8198.499, -293.000, 4.26910400390625E-09
8197.999, -293.500, 4.27032470703125E-09
8197.499, -294.000, 4.268798828125E-09
8196.999, -294.500, 4.27001953125E-09
8196.499, -295.000, 4.2694091796875E-09
8195.999, -295.500, 4.26849365234375E-09
8195.499, -296.000, 4.268798828125E-09
8194.999, -296.500, 4.26849365234375E-09
8194.499, -297.000, 4.26788330078125E-09
8193.999, -297.500, 4.267578125E-09
8193.499, -298.000, 4.267578125E-09
8192.999, -298.500, 4.26727294921875E-09
8192.499, -299.000, 4.26788330078125E-09
8191.999, -299.500, 4.26727294921875E-09
8191.499, -300.000, 4.26727294921875E-09
8190.999, -300.500, 4.26727294921875E-09
8190.499, -301.000, 4.26727294921875E-09
8189.999, -301.500, 4.26544189453125E-09
8189.499, -302.000, 4.2681884765625E-09
8188.999, -302.500, 4.26605224609375E-09
8188.499, -303.000, 4.266357421875E-09
8187.999, -303.500, 4.26422119140625E-09
8187.499, -304.000, 4.2645263671875E-09
8186.999, -304.500, 4.26513671875E-09
8186.499, -305.000, 4.2657470703125E-09
8185.999, -305.500, 4.26422119140625E-09
8185.499, -306.000, 4.2645263671875E-09
8184.999, -306.500, 4.263916015625E-09
8184.499, -307.000, 4.2626953125E-09
8183.999, -307.500, 4.26300048828125E-09
8183.499, -308.000, 4.2645263671875E-09
8182.999, -308.500, 4.2633056640625E-09
8182.499, -309.000, 4.2645263671875E-09
8181.999, -309.500, 4.2626953125E-09
8181.499, -310.000, 4.2620849609375E-09
8180.999, -310.500, 4.26116943359375E-09
8180.499, -311.000, 4.26116943359375E-09
8179.999, -311.500, 4.2596435546875E-09
8179.499, -312.000, 4.26239013671875E-09
8178.999, -312.500, 4.2626953125E-09
8178.499, -313.000, 4.25994873046875E-09
8177.999, -313.500, 4.2620849609375E-09
8177.499, -314.000, 4.259033203125E-09
8176.999, -314.500, 4.25933837890625E-09
8176.499, -315.000, 4.25811767578125E-09
8175.999, -315.500, 4.25872802734375E-09
8175.499, -316.000, 4.2584228515625E-09
8174.999, -316.500, 4.25872802734375E-09
8174.499, -317.000, 4.2572021484375E-09
8173.999, -317.500, 4.25750732421875E-09
8173.499, -318.000, 4.25537109375E-09
8172.999, -318.500, 4.2584228515625E-09
8172.499, -319.000, 4.25567626953125E-09
8171.999, -319.500, 4.25628662109375E-09
8171.499, -320.000, 4.25537109375E-09
8170.999, -320.500, 4.2547607421875E-09
8170.499, -321.000, 4.2559814453125E-09
8169.999, -321.500, 4.2559814453125E-09
8169.499, -322.000, 4.2572021484375E-09
8168.999, -322.500, 4.2559814453125E-09
8168.499, -323.000, 4.25537109375E-09
8167.999, -323.500, 4.25537109375E-09
8167.499, -324.000, 4.2523193359375E-09
8166.999, -324.500, 4.2535400390625E-09
8166.499, -325.000, 4.25323486328125E-09
8165.999, -325.500, 4.25384521484375E-09
8165.499, -326.000, 4.2535400390625E-09
8164.999, -326.500, 4.251708984375E-09
8164.499, -327.000, 4.25048828125E-09
8163.999, -327.500, 4.2510986328125E-09
8163.499, -328.000, 4.2523193359375E-09
8162.999, -328.500, 4.2510986328125E-09
8162.499, -329.000, 4.25079345703125E-09
8161.999, -329.500, 4.249267578125E-09
8161.499, -330.000, 4.25079345703125E-09
8160.999, -330.500, 4.25018310546875E-09
8160.499, -331.000, 4.24957275390625E-09
8159.999, -331.500, 4.24896240234375E-09
8159.499, -332.000, 4.249267578125E-09
8158.999, -332.500, 4.24713134765625E-09
8158.499, -333.000, 4.24835205078125E-09
8157.999, -333.500, 4.249267578125E-09
8157.499, -334.000, 4.24713134765625E-09
8156.999, -334.500, 4.2474365234375E-09
8156.499, -335.000, 4.24835205078125E-09
8155.999, -335.500, 4.2462158203125E-09
8155.499, -336.000, 4.2462158203125E-09
8154.999, -336.500, 4.24560546875E-09
8154.499, -337.000, 4.2449951171875E-09
8153.999, -337.500, 4.24560546875E-09
8153.499, -338.000, 4.24407958984375E-09
8152.999, -338.500, 4.2431640625E-09
8152.499, -339.000, 4.241943359375E-09
8151.999, -339.500, 4.24346923828125E-09
8151.499, -340.000, 4.2431640625E-09
8150.999, -340.500, 4.24224853515625E-09
8150.499, -341.000, 4.24163818359375E-09
8149.999, -341.500, 4.24041748046875E-09
8149.499, -342.000, 4.24102783203125E-09
8148.999, -342.500, 4.2401123046875E-09
8148.499, -343.000, 4.24285888671875E-09
8147.999, -343.500, 4.2401123046875E-09
8147.499, -344.000, 4.24072265625E-09
8146.999, -344.500, 4.24041748046875E-09
8146.499, -345.000, 4.2388916015625E-09
8145.999, -345.500, 4.23736572265625E-09
8145.499, -346.000, 4.23858642578125E-09
8144.999, -346.500, 4.2376708984375E-09
8144.499, -347.000, 4.2364501953125E-09
8143.999, -347.500, 4.234619140625E-09
8143.499, -348.000, 4.234619140625E-09
8142.999, -348.500, 4.23553466796875E-09
8142.499, -349.000, 4.23553466796875E-09
8141.999, -349.500, 4.2352294921875E-09
8141.499, -350.000, 4.2333984375E-09
8140.999, -350.500, 4.23309326171875E-09
8140.499, -351.000, 4.23309326171875E-09
8139.999, -351.500, 4.2340087890625E-09
8139.499, -352.000, 4.232177734375E-09
8138.999, -352.500, 4.23248291015625E-09
8138.499, -353.000, 4.23095703125E-09
8137.999, -353.500, 4.2327880859375E-09
8137.499, -354.000, 4.23126220703125E-09
8136.999, -354.500, 4.22943115234375E-09
8136.499, -355.000, 4.2291259765625E-09
8135.999, -355.500, 4.2291259765625E-09
8135.499, -356.000, 4.22882080078125E-09
8134.999, -356.500, 4.22943115234375E-09
8134.499, -357.000, 4.22760009765625E-09
8133.999, -357.500, 4.2254638671875E-09
8133.499, -358.000, 4.2254638671875E-09
8132.999, -358.500, 4.22607421875E-09
8132.499, -359.000, 4.22607421875E-09
8131.999, -359.500, 4.22698974609375E-09
8131.499, -360.000, 4.22515869140625E-09
8130.999, -360.500, 4.22393798828125E-09
8130.499, -361.000, 4.22332763671875E-09
8129.999, -361.500, 4.22271728515625E-09
8129.499, -362.000, 4.22271728515625E-09
8128.999, -362.500, 4.2218017578125E-09
8128.499, -363.000, 4.22149658203125E-09
8127.999, -363.500, 4.2218017578125E-09
8127.499, -364.000, 4.219970703125E-09
8126.999, -364.500, 4.219970703125E-09
8126.499, -365.000, 4.21844482421875E-09
8125.999, -365.500, 4.21875E-09
8125.499, -366.000, 4.2169189453125E-09
8124.999, -366.500, 4.21600341796875E-09
8124.499, -367.000, 4.21630859375E-09
8123.999, -367.500, 4.21600341796875E-09
8123.499, -368.000, 4.215087890625E-09
8122.999, -368.500, 4.2144775390625E-09
8122.499, -369.000, 4.21417236328125E-09
8121.999, -369.500, 4.2156982421875E-09
8121.499, -370.000, 4.2138671875E-09
8120.999, -370.500, 4.2132568359375E-09
8120.499, -371.000, 4.21295166015625E-09
8119.999, -371.500, 4.21051025390625E-09
8119.499, -372.000, 4.21142578125E-09
8118.999, -372.500, 4.2108154296875E-09
8118.499, -373.000, 4.20989990234375E-09
8117.999, -373.500, 4.2095947265625E-09
8117.499, -374.000, 4.2083740234375E-09
8116.999, -374.500, 4.2095947265625E-09
8116.499, -375.000, 4.20623779296875E-09
8115.999, -375.500, 4.20654296875E-09
8115.499, -376.000, 4.2071533203125E-09
8114.999, -376.500, 4.20562744140625E-09
8114.499, -377.000, 4.2034912109375E-09
8113.999, -377.500, 4.2041015625E-09
8113.499, -378.000, 4.20318603515625E-09
8112.999, -378.500, 4.20135498046875E-09
8112.499, -379.000, 4.20074462890625E-09
8111.999, -379.500, 4.20257568359375E-09
8111.499, -380.000, 4.19891357421875E-09
8110.999, -380.500, 4.1986083984375E-09
8110.499, -381.000, 4.20013427734375E-09
8109.999, -381.500, 4.19708251953125E-09
8109.499, -382.000, 4.19708251953125E-09
8108.999, -382.500, 4.19525146484375E-09
8108.499, -383.000, 4.195556640625E-09
8107.999, -383.500, 4.1949462890625E-09
8107.499, -384.000, 4.1949462890625E-09
8106.999, -384.500, 4.1943359375E-09
8106.499, -385.000, 4.19189453125E-09
8105.999, -385.500, 4.19219970703125E-09
8105.499, -386.000, 4.189453125E-09
8104.999, -386.500, 4.18975830078125E-09
8104.499, -387.000, 4.18853759765625E-09
8103.999, -387.500, 4.188232421875E-09
8103.499, -388.000, 4.18792724609375E-09
8102.999, -388.500, 4.18609619140625E-09
8102.499, -389.000, 4.185791015625E-09
8101.999, -389.500, 4.18548583984375E-09
8101.499, -390.000, 4.18487548828125E-09
8100.999, -390.500, 4.1845703125E-09
8100.499, -391.000, 4.18212890625E-09
8099.999, -391.500, 4.18212890625E-09
8099.499, -392.000, 4.1815185546875E-09
8098.999, -392.500, 4.180908203125E-09
8098.499, -393.000, 4.1778564453125E-09
8097.999, -393.500, 4.17938232421875E-09
8097.499, -394.000, 4.17633056640625E-09
8096.999, -394.500, 4.17633056640625E-09
8096.499, -395.000, 4.1741943359375E-09
8095.999, -395.500, 4.1741943359375E-09
8095.499, -396.000, 4.173583984375E-09
8094.999, -396.500, 4.17236328125E-09
8094.499, -397.000, 4.1705322265625E-09
8093.999, -397.500, 4.1693115234375E-09
8093.499, -398.000, 4.1680908203125E-09
8092.999, -398.500, 4.1680908203125E-09
8092.499, -399.000, 4.16534423828125E-09
8091.999, -399.500, 4.1656494140625E-09
8091.499, -400.000, 4.16473388671875E-09
8090.999, -400.500, 4.16168212890625E-09
8090.499, -401.000, 4.16229248046875E-09
8089.999, -401.500, 4.16015625E-09
8089.499, -402.000, 4.16046142578125E-09
8088.999, -402.500, 4.15740966796875E-09
8088.499, -403.000, 4.15679931640625E-09
8087.999, -403.500, 4.1558837890625E-09
8087.499, -404.000, 4.1546630859375E-09
8086.999, -404.500, 4.15313720703125E-09
8086.499, -405.000, 4.1534423828125E-09
8085.999, -405.500, 4.1510009765625E-09
8085.499, -406.000, 4.1522216796875E-09
8084.999, -406.500, 4.14703369140625E-09
8084.499, -407.000, 4.1485595703125E-09
8083.999, -407.500, 4.1485595703125E-09
8083.499, -408.000, 4.14520263671875E-09
8082.999, -408.500, 4.1424560546875E-09
8082.499, -409.000, 4.1412353515625E-09
8081.999, -409.500, 4.1424560546875E-09
8081.499, -410.000, 4.1412353515625E-09
8080.999, -410.500, 4.1387939453125E-09
8080.499, -411.000, 4.13665771484375E-09
8079.999, -411.500, 4.13543701171875E-09
8079.499, -412.000, 4.13330078125E-09
8078.999, -412.500, 4.1326904296875E-09
8078.499, -413.000, 4.13055419921875E-09
8077.999, -413.500, 4.12841796875E-09
8077.499, -414.000, 4.12628173828125E-09
8076.999, -414.500, 4.12567138671875E-09
8076.499, -415.000, 4.12322998046875E-09
8075.999, -415.500, 4.12139892578125E-09
8075.499, -416.000, 4.12109375E-09
8074.999, -416.500, 4.11956787109375E-09
8074.499, -417.000, 4.11895751953125E-09
8073.999, -417.500, 4.11529541015625E-09
8073.499, -418.000, 4.11224365234375E-09
8072.999, -418.500, 4.1131591796875E-09
8072.499, -419.000, 4.110107421875E-09
8071.999, -419.500, 4.10858154296875E-09
8071.499, -420.000, 4.10614013671875E-09
8070.999, -420.500, 4.10614013671875E-09
8070.499, -421.000, 4.10308837890625E-09
8069.999, -421.500, 4.10064697265625E-09
8069.499, -422.000, 4.09942626953125E-09
8068.999, -422.500, 4.09759521484375E-09
8068.499, -423.000, 4.09423828125E-09
8067.999, -423.500, 4.093017578125E-09
8067.499, -424.000, 4.090576171875E-09
8066.999, -424.500, 4.088134765625E-09
8066.499, -425.000, 4.08721923828125E-09
8065.999, -425.500, 4.0850830078125E-09
8065.499, -426.000, 4.08355712890625E-09
8064.999, -426.500, 4.08111572265625E-09
8064.499, -427.000, 4.0765380859375E-09
8063.999, -427.500, 4.075927734375E-09
8063.499, -428.000, 4.07135009765625E-09
8062.999, -428.500, 4.06951904296875E-09
8062.499, -429.000, 4.0667724609375E-09
8061.999, -429.500, 4.06463623046875E-09
8061.499, -430.000, 4.0625E-09
8060.999, -430.500, 4.05975341796875E-09
8060.499, -431.000, 4.0570068359375E-09
8059.999, -431.500, 4.053955078125E-09
8059.499, -432.000, 4.05059814453125E-09
8058.999, -432.500, 4.04876708984375E-09
8058.499, -433.000, 4.0460205078125E-09
8057.999, -433.500, 4.041748046875E-09
8057.499, -434.000, 4.0130615234375E-09
8056.999, -434.500, 4.034423828125E-09
8056.499, -435.000, 4.03228759765625E-09
8055.999, -435.500, 4.02801513671875E-09
8055.499, -436.000, 4.0264892578125E-09
8054.999, -436.500, 4.02099609375E-09
8054.499, -437.000, 4.01763916015625E-09
8053.999, -437.500, 4.0155029296875E-09
8053.499, -438.000, 4.01123046875E-09
8052.999, -438.500, 4.005126953125E-09
8052.499, -439.000, 4.0032958984375E-09
8051.999, -439.500, 3.99658203125E-09
8051.499, -440.000, 3.99444580078125E-09
8050.999, -440.500, 3.99017333984375E-09
8050.499, -441.000, 3.98468017578125E-09
8049.999, -441.500, 3.9788818359375E-09
8049.499, -442.000, 3.97491455078125E-09
8048.999, -442.500, 3.9697265625E-09
8048.499, -443.000, 3.9642333984375E-09
8047.999, -443.500, 3.95843505859375E-09
8047.499, -444.000, 3.9508056640625E-09
8046.999, -444.500, 3.94500732421875E-09
8046.499, -445.000, 3.93768310546875E-09
8045.999, -445.500, 3.9312744140625E-09
8045.499, -446.000, 3.92364501953125E-09
8044.999, -446.500, 3.9208984375E-09
8044.499, -447.000, 3.9166259765625E-09
8043.999, -447.500, 3.9105224609375E-09
8043.499, -448.000, 3.90869140625E-09
8042.999, -448.500, 3.90472412109375E-09
8042.499, -449.000, 3.9007568359375E-09
8041.999, -449.500, 3.89617919921875E-09
8041.499, -450.000, 3.8916015625E-09
8040.999, -450.500, 3.88641357421875E-09
8040.499, -451.000, 3.88092041015625E-09
8039.999, -451.500, 3.87786865234375E-09
8039.499, -452.000, 3.87115478515625E-09
8038.999, -452.500, 3.865966796875E-09
8038.499, -453.000, 3.86383056640625E-09
8037.999, -453.500, 3.85650634765625E-09
8037.499, -454.000, 3.851318359375E-09
8036.999, -454.500, 3.84613037109375E-09
8036.499, -455.000, 3.84063720703125E-09
8035.999, -455.500, 3.834228515625E-09
8035.499, -456.000, 3.82965087890625E-09
8034.999, -456.500, 3.822021484375E-09
8034.499, -457.000, 3.8153076171875E-09
8033.999, -457.500, 3.8092041015625E-09
8033.499, -458.000, 3.8031005859375E-09
8032.999, -458.500, 3.7945556640625E-09
8032.499, -459.000, 3.7884521484375E-09
8031.999, -459.500, 3.78173828125E-09
8031.499, -460.000, 3.77532958984375E-09
8030.999, -460.500, 3.7701416015625E-09
8030.499, -461.000, 3.76190185546875E-09
8029.999, -461.500, 3.75885009765625E-09
8029.499, -462.000, 3.75518798828125E-09
8028.999, -462.500, 3.74755859375E-09
8028.499, -463.000, 3.7384033203125E-09
8027.999, -463.500, 3.7298583984375E-09
8027.499, -464.000, 3.721923828125E-09
8026.999, -464.500, 3.712158203125E-09
8026.499, -465.000, 3.70086669921875E-09
8025.999, -465.500, 3.69140625E-09
8025.499, -466.000, 3.68011474609375E-09
8024.999, -466.500, 3.67279052734375E-09
8024.499, -467.000, 3.662109375E-09
8023.999, -467.500, 3.64959716796875E-09
8023.499, -468.000, 3.6383056640625E-09
8022.999, -468.500, 3.62640380859375E-09
8022.499, -469.000, 3.6138916015625E-09
8021.999, -469.500, 3.603515625E-09
8021.499, -470.000, 3.59161376953125E-09
8020.999, -470.500, 3.5809326171875E-09
8020.499, -471.000, 3.5675048828125E-09
8019.999, -471.500, 3.55438232421875E-09
8019.499, -472.000, 3.53973388671875E-09
8018.999, -472.500, 3.52447509765625E-09
8018.499, -473.000, 3.50799560546875E-09
8017.999, -473.500, 3.494873046875E-09
8017.499, -474.000, 3.477783203125E-09
8016.999, -474.500, 3.46221923828125E-09
8016.499, -475.000, 3.44268798828125E-09
8015.999, -475.500, 3.42620849609375E-09
8015.499, -476.000, 3.41064453125E-09
8014.999, -476.500, 3.3929443359375E-09
8014.499, -477.000, 3.37432861328125E-09
8013.999, -477.500, 3.35357666015625E-09
8013.499, -478.000, 3.33740234375E-09
8012.999, -478.500, 3.31787109375E-09
8012.499, -479.000, 3.2989501953125E-09
8011.999, -479.500, 3.27545166015625E-09
8011.499, -480.000, 3.25225830078125E-09
8010.999, -480.500, 3.23089599609375E-09
8010.499, -481.000, 3.20587158203125E-09
8009.999, -481.500, 3.1817626953125E-09
8009.499, -482.000, 3.15673828125E-09
8008.999, -482.500, 3.1317138671875E-09
8008.499, -483.000, 3.1060791015625E-09
8007.999, -483.500, 3.07708740234375E-09
8007.499, -484.000, 3.045654296875E-09
8006.999, -484.500, 3.01055908203125E-09
8006.499, -485.000, 2.977294921875E-09
8005.999, -485.500, 2.94036865234375E-09
8005.499, -486.000, 2.90618896484375E-09
8004.999, -486.500, 2.87200927734375E-09
8004.499, -487.000, 2.8424072265625E-09
8003.999, -487.500, 2.8118896484375E-09
8003.499, -488.000, 2.7777099609375E-09
8002.999, -488.500, 2.74383544921875E-09
8002.499, -489.000, 2.70538330078125E-09
8001.999, -489.500, 2.6702880859375E-09
8001.499, -490.000, 2.6318359375E-09
8000.999, -490.500, 2.59552001953125E-09
8000.499, -491.000, 2.557373046875E-09
7999.999, -491.500, 2.52044677734375E-09
7999.499, -492.000, 2.47955322265625E-09
7998.999, -492.500, 2.43621826171875E-09
7998.499, -493.000, 2.39166259765625E-09
7997.999, -493.500, 2.344970703125E-09
7997.499, -494.000, 2.29827880859375E-09
7996.999, -494.500, 2.247314453125E-09
7996.499, -495.000, 2.1917724609375E-09
7995.999, -495.500, 2.135009765625E-09
7995.499, -496.000, 2.07855224609375E-09
7994.999, -496.500, 2.01873779296875E-09
7994.499, -497.000, 1.95953369140625E-09
7993.999, -497.500, 1.8951416015625E-09
7993.499, -498.000, 1.8316650390625E-09
7992.999, -498.500, 1.76300048828125E-09
7992.499, -499.000, 1.69586181640625E-09
7991.999, -499.500, 1.62506103515625E-09
7991.499, -500.000, 1.552734375E-09
7990.999, -500.500, 1.480712890625E-09
7990.499, -501.000, 1.4080810546875E-09
7989.999, -501.500, 1.33453369140625E-09
7989.499, -502.000, 1.260986328125E-09
7988.999, -502.500, 1.18408203125E-09
7988.499, -503.000, 1.10870361328125E-09
7987.999, -503.500, 1.03302001953125E-09
7987.499, -504.000, 9.625244140625E-10
7986.999, -504.500, 8.9324951171875E-10
7986.499, -505.000, 8.31298828125E-10
7985.999, -505.500, 7.7850341796875E-10
7985.499, -506.000, 7.36083984375E-10
7984.999, -506.500, 7.0159912109375E-10
7984.499, -507.000, 6.7474365234375E-10
