# Sensolytics: 3.12
# Line Scan
# Warning: the data-format is using a '.' as decimal sign. German Windows-systems may have problems with this...
# Experiment started: 5/8/2025 3:32:24 PM
# Stepper motors position: X 14,129.400 µm; Y 9,891.000 µm; Z 8,887.499 µm
# Piezo controller position: X 0.000 µm; Y 100.000 µm; Z 100.000 µm
# Potentiostat: ECD Off
# Potential WE1 at start [V]: 0.400
# Potential WE2 at start: OCP
# Controller: PCIe LStep Express
# Axis: ZAxis
# Direction: Negative
# Way [µm]: 5000
# Max. Speed [µm/s]: 1
# Increment [µm]: 0.5
# Waiting Time [ms]: 0
# Stop Condition: Manual
# Position abs. [µm], Position rel. [µm], I WE1 [A]
8987.499, 0.000, 3.9459228515625E-09
8986.999, -0.500, 3.94378662109375E-09
8986.499, -1.000, 3.9410400390625E-09
8985.999, -1.500, 3.93951416015625E-09
8985.499, -2.000, 3.936767578125E-09
8984.999, -2.500, 3.93463134765625E-09
8984.499, -3.000, 3.9337158203125E-09
8983.999, -3.500, 3.93157958984375E-09
8983.499, -4.000, 3.92974853515625E-09
8982.999, -4.500, 3.9263916015625E-09
8982.499, -5.000, 3.92547607421875E-09
8981.999, -5.500, 3.9251708984375E-09
8981.499, -6.000, 3.9215087890625E-09
8980.999, -6.500, 3.917236328125E-09
8980.499, -7.000, 3.91632080078125E-09
8979.999, -7.500, 3.91632080078125E-09
8979.499, -8.000, 3.91571044921875E-09
8978.999, -8.500, 3.91448974609375E-09
8978.499, -9.000, 3.91357421875E-09
8977.999, -9.500, 3.91326904296875E-09
8977.499, -10.000, 3.91082763671875E-09
8976.999, -10.500, 3.90838623046875E-09
8976.499, -11.000, 3.90869140625E-09
8975.999, -11.500, 3.90716552734375E-09
8975.499, -12.000, 3.90655517578125E-09
8974.999, -12.500, 3.9056396484375E-09
8974.499, -13.000, 3.90472412109375E-09
8973.999, -13.500, 3.90411376953125E-09
8973.499, -14.000, 3.9031982421875E-09
8972.999, -14.500, 3.90380859375E-09
8972.499, -15.000, 3.902587890625E-09
8971.999, -15.500, 3.902587890625E-09
8971.499, -16.000, 3.90167236328125E-09
8970.999, -16.500, 3.9013671875E-09
8970.499, -17.000, 3.90106201171875E-09
8969.999, -17.500, 3.8995361328125E-09
8969.499, -18.000, 3.900146484375E-09
8968.999, -18.500, 3.90045166015625E-09
8968.499, -19.000, 3.900146484375E-09
8967.999, -19.500, 3.89923095703125E-09
8967.499, -20.000, 3.89923095703125E-09
8966.999, -20.500, 3.90045166015625E-09
8966.499, -21.000, 3.900146484375E-09
8965.999, -21.500, 3.89862060546875E-09
8965.499, -22.000, 3.89923095703125E-09
8964.999, -22.500, 3.8995361328125E-09
8964.499, -23.000, 3.900146484375E-09
8963.999, -23.500, 3.89984130859375E-09
8963.499, -24.000, 3.8995361328125E-09
8962.999, -24.500, 3.89862060546875E-09
8962.499, -25.000, 3.89862060546875E-09
8961.999, -25.500, 3.900146484375E-09
8961.499, -26.000, 3.900146484375E-09
8960.999, -26.500, 3.89984130859375E-09
8960.499, -27.000, 3.89923095703125E-09
8959.999, -27.500, 3.89923095703125E-09
8959.499, -28.000, 3.9007568359375E-09
8958.999, -28.500, 3.90045166015625E-09
8958.499, -29.000, 3.8995361328125E-09
8957.999, -29.500, 3.90045166015625E-09
8957.499, -30.000, 3.9007568359375E-09
8956.999, -30.500, 3.89801025390625E-09
8956.499, -31.000, 3.89923095703125E-09
8955.999, -31.500, 3.89984130859375E-09
8955.499, -32.000, 3.89923095703125E-09
8954.999, -32.500, 3.900146484375E-09
8954.499, -33.000, 3.90167236328125E-09
8953.999, -33.500, 3.9019775390625E-09
8953.499, -34.000, 3.90106201171875E-09
8952.999, -34.500, 3.9013671875E-09
8952.499, -35.000, 3.90167236328125E-09
8951.999, -35.500, 3.90228271484375E-09
8951.499, -36.000, 3.902587890625E-09
8950.999, -36.500, 3.90289306640625E-09
8950.499, -37.000, 3.90289306640625E-09
8949.999, -37.500, 3.90228271484375E-09
8949.499, -38.000, 3.90380859375E-09
8948.999, -38.500, 3.90350341796875E-09
8948.499, -39.000, 3.902587890625E-09
8947.999, -39.500, 3.90350341796875E-09
8947.499, -40.000, 3.9031982421875E-09
8946.999, -40.500, 3.90289306640625E-09
8946.499, -41.000, 3.90380859375E-09
8945.999, -41.500, 3.90411376953125E-09
8945.499, -42.000, 3.90380859375E-09
8944.999, -42.500, 3.90411376953125E-09
8944.499, -43.000, 3.90472412109375E-09
8943.999, -43.500, 3.90380859375E-09
8943.499, -44.000, 3.90472412109375E-09
8942.999, -44.500, 3.90411376953125E-09
8942.499, -45.000, 3.90472412109375E-09
8941.999, -45.500, 3.9044189453125E-09
8941.499, -46.000, 3.90472412109375E-09
8940.999, -46.500, 3.9056396484375E-09
8940.499, -47.000, 3.90533447265625E-09
8939.999, -47.500, 3.90472412109375E-09
8939.499, -48.000, 3.9056396484375E-09
8938.999, -48.500, 3.90625E-09
8938.499, -49.000, 3.9056396484375E-09
8937.999, -49.500, 3.90594482421875E-09
8937.499, -50.000, 3.9056396484375E-09
8936.999, -50.500, 3.90533447265625E-09
8936.499, -51.000, 3.9056396484375E-09
8935.999, -51.500, 3.9056396484375E-09
8935.499, -52.000, 3.9068603515625E-09
8934.999, -52.500, 3.90594482421875E-09
8934.499, -53.000, 3.90533447265625E-09
8933.999, -53.500, 3.9056396484375E-09
8933.499, -54.000, 3.90655517578125E-09
8932.999, -54.500, 3.90533447265625E-09
8932.499, -55.000, 3.90380859375E-09
8931.999, -55.500, 3.90472412109375E-09
8931.499, -56.000, 3.90472412109375E-09
8930.999, -56.500, 3.90533447265625E-09
8930.499, -57.000, 3.9056396484375E-09
8929.999, -57.500, 3.9068603515625E-09
8929.499, -58.000, 3.907470703125E-09
8928.999, -58.500, 3.90594482421875E-09
8928.499, -59.000, 3.90594482421875E-09
8927.999, -59.500, 3.90625E-09
8927.499, -60.000, 3.90655517578125E-09
8926.999, -60.500, 3.9068603515625E-09
8926.499, -61.000, 3.9056396484375E-09
8925.999, -61.500, 3.907470703125E-09
8925.499, -62.000, 3.9068603515625E-09
8924.999, -62.500, 3.90625E-09
8924.499, -63.000, 3.90655517578125E-09
8923.999, -63.500, 3.9068603515625E-09
8923.499, -64.000, 3.907470703125E-09
8922.999, -64.500, 3.907470703125E-09
8922.499, -65.000, 3.90716552734375E-09
8921.999, -65.500, 3.90594482421875E-09
8921.499, -66.000, 3.90716552734375E-09
8920.999, -66.500, 3.907470703125E-09
8920.499, -67.000, 3.9056396484375E-09
8919.999, -67.500, 3.90777587890625E-09
8919.499, -68.000, 3.90716552734375E-09
8918.999, -68.500, 3.90655517578125E-09
8918.499, -69.000, 3.90716552734375E-09
8917.999, -69.500, 3.9056396484375E-09
8917.499, -70.000, 3.90625E-09
8916.999, -70.500, 3.90777587890625E-09
8916.499, -71.000, 3.90869140625E-09
8915.999, -71.500, 3.90655517578125E-09
8915.499, -72.000, 3.9068603515625E-09
8914.999, -72.500, 3.90655517578125E-09
8914.499, -73.000, 3.90716552734375E-09
8913.999, -73.500, 3.90625E-09
8913.499, -74.000, 3.9068603515625E-09
8912.999, -74.500, 3.90716552734375E-09
8912.499, -75.000, 3.907470703125E-09
8911.999, -75.500, 3.90655517578125E-09
8911.499, -76.000, 3.90716552734375E-09
8910.999, -76.500, 3.9080810546875E-09
8910.499, -77.000, 3.90716552734375E-09
8909.999, -77.500, 3.90655517578125E-09
8909.499, -78.000, 3.9068603515625E-09
8908.999, -78.500, 3.9068603515625E-09
8908.499, -79.000, 3.90350341796875E-09
8907.999, -79.500, 3.90380859375E-09
8907.499, -80.000, 3.90533447265625E-09
8906.999, -80.500, 3.90594482421875E-09
8906.499, -81.000, 3.90625E-09
8905.999, -81.500, 3.90533447265625E-09
8905.499, -82.000, 3.90533447265625E-09
8904.999, -82.500, 3.9056396484375E-09
8904.499, -83.000, 3.90625E-09
8903.999, -83.500, 3.90594482421875E-09
8903.499, -84.000, 3.905029296875E-09
8902.999, -84.500, 3.905029296875E-09
8902.499, -85.000, 3.905029296875E-09
8901.999, -85.500, 3.9056396484375E-09
8901.499, -86.000, 3.9056396484375E-09
8900.999, -86.500, 3.905029296875E-09
8900.499, -87.000, 3.905029296875E-09
8899.999, -87.500, 3.90594482421875E-09
8899.499, -88.000, 3.9056396484375E-09
8898.999, -88.500, 3.9044189453125E-09
8898.499, -89.000, 3.9044189453125E-09
8897.999, -89.500, 3.90594482421875E-09
8897.499, -90.000, 3.90533447265625E-09
8896.999, -90.500, 3.90472412109375E-09
8896.499, -91.000, 3.9044189453125E-09
8895.999, -91.500, 3.90411376953125E-09
8895.499, -92.000, 3.90472412109375E-09
8894.999, -92.500, 3.90411376953125E-09
8894.499, -93.000, 3.905029296875E-09
8893.999, -93.500, 3.90411376953125E-09
8893.499, -94.000, 3.9044189453125E-09
8892.999, -94.500, 3.90411376953125E-09
8892.499, -95.000, 3.9031982421875E-09
8891.999, -95.500, 3.90411376953125E-09
8891.499, -96.000, 3.9044189453125E-09
8890.999, -96.500, 3.90350341796875E-09
8890.499, -97.000, 3.9031982421875E-09
8889.999, -97.500, 3.90380859375E-09
8889.499, -98.000, 3.90289306640625E-09
8888.999, -98.500, 3.9031982421875E-09
8888.499, -99.000, 3.9031982421875E-09
8887.999, -99.500, 3.9031982421875E-09
8887.499, -100.000, 3.9031982421875E-09
8886.999, -100.500, 3.902587890625E-09
8886.499, -101.000, 3.90411376953125E-09
8885.999, -101.500, 3.90289306640625E-09
8885.499, -102.000, 3.9019775390625E-09
8884.999, -102.500, 3.902587890625E-09
8884.499, -103.000, 3.9031982421875E-09
8883.999, -103.500, 3.90167236328125E-09
8883.499, -104.000, 3.900146484375E-09
8882.999, -104.500, 3.89862060546875E-09
8882.499, -105.000, 3.89923095703125E-09
8881.999, -105.500, 3.9007568359375E-09
8881.499, -106.000, 3.90045166015625E-09
8880.999, -106.500, 3.9007568359375E-09
8880.499, -107.000, 3.89892578125E-09
8879.999, -107.500, 3.89984130859375E-09
8879.499, -108.000, 3.90045166015625E-09
8878.999, -108.500, 3.8995361328125E-09
8878.499, -109.000, 3.89923095703125E-09
8877.999, -109.500, 3.89984130859375E-09
8877.499, -110.000, 3.89984130859375E-09
8876.999, -110.500, 3.89923095703125E-09
8876.499, -111.000, 3.8983154296875E-09
8875.999, -111.500, 3.89923095703125E-09
8875.499, -112.000, 3.89892578125E-09
8874.999, -112.500, 3.8995361328125E-09
8874.499, -113.000, 3.89862060546875E-09
8873.999, -113.500, 3.8983154296875E-09
8873.499, -114.000, 3.89923095703125E-09
8872.999, -114.500, 3.89984130859375E-09
8872.499, -115.000, 3.89892578125E-09
8871.999, -115.500, 3.8970947265625E-09
8871.499, -116.000, 3.89678955078125E-09
8870.999, -116.500, 3.897705078125E-09
8870.499, -117.000, 3.89739990234375E-09
8869.999, -117.500, 3.89678955078125E-09
8869.499, -118.000, 3.89678955078125E-09
8868.999, -118.500, 3.8970947265625E-09
8868.499, -119.000, 3.896484375E-09
8867.999, -119.500, 3.89678955078125E-09
8867.499, -120.000, 3.89556884765625E-09
8866.999, -120.500, 3.89739990234375E-09
8866.499, -121.000, 3.8958740234375E-09
8865.999, -121.500, 3.89678955078125E-09
8865.499, -122.000, 3.895263671875E-09
8864.999, -122.500, 3.89495849609375E-09
8864.499, -123.000, 3.89617919921875E-09
8863.999, -123.500, 3.89556884765625E-09
8863.499, -124.000, 3.8946533203125E-09
8862.999, -124.500, 3.8946533203125E-09
8862.499, -125.000, 3.8946533203125E-09
8861.999, -125.500, 3.8946533203125E-09
8861.499, -126.000, 3.89404296875E-09
8860.999, -126.500, 3.89404296875E-09
8860.499, -127.000, 3.89404296875E-09
8859.999, -127.500, 3.8934326171875E-09
8859.499, -128.000, 3.8934326171875E-09
8858.999, -128.500, 3.89251708984375E-09
8858.499, -129.000, 3.8916015625E-09
8857.999, -129.500, 3.890380859375E-09
8857.499, -130.000, 3.8909912109375E-09
8856.999, -130.500, 3.8909912109375E-09
8856.499, -131.000, 3.8909912109375E-09
8855.999, -131.500, 3.89068603515625E-09
8855.499, -132.000, 3.89068603515625E-09
8854.999, -132.500, 3.89068603515625E-09
8854.499, -133.000, 3.89068603515625E-09
8853.999, -133.500, 3.89007568359375E-09
8853.499, -134.000, 3.89007568359375E-09
8852.999, -134.500, 3.8897705078125E-09
8852.499, -135.000, 3.88885498046875E-09
8851.999, -135.500, 3.88885498046875E-09
8851.499, -136.000, 3.8885498046875E-09
8850.999, -136.500, 3.88824462890625E-09
8850.499, -137.000, 3.88885498046875E-09
8849.999, -137.500, 3.88763427734375E-09
8849.499, -138.000, 3.8873291015625E-09
8848.999, -138.500, 3.88702392578125E-09
8848.499, -139.000, 3.8885498046875E-09
8847.999, -139.500, 3.88702392578125E-09
8847.499, -140.000, 3.88641357421875E-09
8846.999, -140.500, 3.8861083984375E-09
8846.499, -141.000, 3.885498046875E-09
8845.999, -141.500, 3.88458251953125E-09
8845.499, -142.000, 3.88519287109375E-09
8844.999, -142.500, 3.88519287109375E-09
8844.499, -143.000, 3.88397216796875E-09
8843.999, -143.500, 3.88427734375E-09
8843.499, -144.000, 3.8848876953125E-09
8842.999, -144.500, 3.88397216796875E-09
8842.499, -145.000, 3.8836669921875E-09
8841.999, -145.500, 3.88214111328125E-09
8841.499, -146.000, 3.88153076171875E-09
8840.999, -146.500, 3.8818359375E-09
8840.499, -147.000, 3.88153076171875E-09
8839.999, -147.500, 3.880615234375E-09
8839.499, -148.000, 3.8800048828125E-09
8838.999, -148.500, 3.87939453125E-09
8838.499, -149.000, 3.87939453125E-09
8837.999, -149.500, 3.8787841796875E-09
8837.499, -150.000, 3.87786865234375E-09
8836.999, -150.500, 3.87847900390625E-09
8836.499, -151.000, 3.878173828125E-09
8835.999, -151.500, 3.87725830078125E-09
8835.499, -152.000, 3.8763427734375E-09
8834.999, -152.500, 3.8763427734375E-09
8834.499, -153.000, 3.87664794921875E-09
8833.999, -153.500, 3.87451171875E-09
8833.499, -154.000, 3.87359619140625E-09
8832.999, -154.500, 3.87298583984375E-09
8832.499, -155.000, 3.87298583984375E-09
8831.999, -155.500, 3.8702392578125E-09
8831.499, -156.000, 3.8702392578125E-09
8830.999, -156.500, 3.86993408203125E-09
8830.499, -157.000, 3.86962890625E-09
8829.999, -157.500, 3.86932373046875E-09
8829.499, -158.000, 3.8690185546875E-09
8828.999, -158.500, 3.86810302734375E-09
8828.499, -159.000, 3.8677978515625E-09
8827.999, -159.500, 3.86749267578125E-09
8827.499, -160.000, 3.86627197265625E-09
8826.999, -160.500, 3.8653564453125E-09
8826.499, -161.000, 3.86444091796875E-09
8825.999, -161.500, 3.86383056640625E-09
8825.499, -162.000, 3.86260986328125E-09
8824.999, -162.500, 3.8616943359375E-09
8824.499, -163.000, 3.861083984375E-09
8823.999, -163.500, 3.86016845703125E-09
8823.499, -164.000, 3.858642578125E-09
8822.999, -164.500, 3.85833740234375E-09
8822.499, -165.000, 3.857421875E-09
8821.999, -165.500, 3.8568115234375E-09
8821.499, -166.000, 3.8555908203125E-09
8820.999, -166.500, 3.853759765625E-09
8820.499, -167.000, 3.85345458984375E-09
8819.999, -167.500, 3.8531494140625E-09
8819.499, -168.000, 3.8525390625E-09
8818.999, -168.500, 3.85040283203125E-09
8818.499, -169.000, 3.851318359375E-09
8817.999, -169.500, 3.84979248046875E-09
8817.499, -170.000, 3.84918212890625E-09
8816.999, -170.500, 3.84735107421875E-09
8816.499, -171.000, 3.8470458984375E-09
8815.999, -171.500, 3.84552001953125E-09
8815.499, -172.000, 3.84552001953125E-09
8814.999, -172.500, 3.84429931640625E-09
8814.499, -173.000, 3.8433837890625E-09
8813.999, -173.500, 3.84185791015625E-09
8813.499, -174.000, 3.841552734375E-09
8812.999, -174.500, 3.84063720703125E-09
8812.499, -175.000, 3.84002685546875E-09
8811.999, -175.500, 3.8385009765625E-09
8811.499, -176.000, 3.83941650390625E-09
8810.999, -176.500, 3.83697509765625E-09
8810.499, -177.000, 3.8360595703125E-09
8809.999, -177.500, 3.83636474609375E-09
8809.499, -178.000, 3.8348388671875E-09
8808.999, -178.500, 3.8336181640625E-09
8808.499, -179.000, 3.8323974609375E-09
8807.999, -179.500, 3.83331298828125E-09
8807.499, -180.000, 3.8323974609375E-09
8806.999, -180.500, 3.831787109375E-09
8806.499, -181.000, 3.83056640625E-09
8805.999, -181.500, 3.82965087890625E-09
8805.499, -182.000, 3.828125E-09
8804.999, -182.500, 3.8287353515625E-09
8804.499, -183.000, 3.82904052734375E-09
8803.999, -183.500, 3.826904296875E-09
8803.499, -184.000, 3.82843017578125E-09
8802.999, -184.500, 3.828125E-09
8802.499, -185.000, 3.82781982421875E-09
8801.999, -185.500, 3.828125E-09
8801.499, -186.000, 3.82720947265625E-09
8800.999, -186.500, 3.82659912109375E-09
8800.499, -187.000, 3.82781982421875E-09
8799.999, -187.500, 3.82720947265625E-09
8799.499, -188.000, 3.828125E-09
8798.999, -188.500, 3.826904296875E-09
8798.499, -189.000, 3.82720947265625E-09
8797.999, -189.500, 3.82720947265625E-09
8797.499, -190.000, 3.82781982421875E-09
8796.999, -190.500, 3.828125E-09
8796.499, -191.000, 3.82843017578125E-09
8795.999, -191.500, 3.82843017578125E-09
8795.499, -192.000, 3.82965087890625E-09
8794.999, -192.500, 3.82965087890625E-09
8794.499, -193.000, 3.82965087890625E-09
8793.999, -193.500, 3.82965087890625E-09
8793.499, -194.000, 3.831787109375E-09
8792.999, -194.500, 3.83270263671875E-09
8792.499, -195.000, 3.831787109375E-09
8791.999, -195.500, 3.83209228515625E-09
8791.499, -196.000, 3.83331298828125E-09
8790.999, -196.500, 3.834228515625E-09
8790.499, -197.000, 3.83453369140625E-09
8789.999, -197.500, 3.83453369140625E-09
8789.499, -198.000, 3.8348388671875E-09
8788.999, -198.500, 3.8360595703125E-09
8788.499, -199.000, 3.83697509765625E-09
8787.999, -199.500, 3.8360595703125E-09
8787.499, -200.000, 3.8372802734375E-09
8786.999, -200.500, 3.83941650390625E-09
8786.499, -201.000, 3.839111328125E-09
8785.999, -201.500, 3.839111328125E-09
8785.499, -202.000, 3.8409423828125E-09
8784.999, -202.500, 3.8409423828125E-09
8784.499, -203.000, 3.8409423828125E-09
8783.999, -203.500, 3.8409423828125E-09
8783.499, -204.000, 3.84124755859375E-09
8782.999, -204.500, 3.8433837890625E-09
8782.499, -205.000, 3.8433837890625E-09
8781.999, -205.500, 3.84307861328125E-09
8781.499, -206.000, 3.8433837890625E-09
8780.999, -206.500, 3.84490966796875E-09
8780.499, -207.000, 3.84368896484375E-09
8779.999, -207.500, 3.84490966796875E-09
8779.499, -208.000, 3.84429931640625E-09
8778.999, -208.500, 3.84246826171875E-09
8778.499, -209.000, 3.84490966796875E-09
8777.999, -209.500, 3.8458251953125E-09
8777.499, -210.000, 3.84552001953125E-09
8776.999, -210.500, 3.84674072265625E-09
8776.499, -211.000, 3.84735107421875E-09
8775.999, -211.500, 3.84735107421875E-09
8775.499, -212.000, 3.84765625E-09
8774.999, -212.500, 3.84857177734375E-09
8774.499, -213.000, 3.8494873046875E-09
8773.999, -213.500, 3.84918212890625E-09
8773.499, -214.000, 3.848876953125E-09
8772.999, -214.500, 3.8507080078125E-09
8772.499, -215.000, 3.8507080078125E-09
8771.999, -215.500, 3.85040283203125E-09
8771.499, -216.000, 3.85101318359375E-09
8770.999, -216.500, 3.85284423828125E-09
8770.499, -217.000, 3.8525390625E-09
8769.999, -217.500, 3.85223388671875E-09
8769.499, -218.000, 3.8543701171875E-09
8768.999, -218.500, 3.8543701171875E-09
8768.499, -219.000, 3.85498046875E-09
8767.999, -219.500, 3.8555908203125E-09
8767.499, -220.000, 3.85498046875E-09
8766.999, -220.500, 3.857421875E-09
8766.499, -221.000, 3.8580322265625E-09
8765.999, -221.500, 3.85894775390625E-09
8765.499, -222.000, 3.8580322265625E-09
8764.999, -222.500, 3.85955810546875E-09
8764.499, -223.000, 3.861083984375E-09
8763.999, -223.500, 3.86138916015625E-09
8763.499, -224.000, 3.86322021484375E-09
8762.999, -224.500, 3.863525390625E-09
8762.499, -225.000, 3.86474609375E-09
8761.999, -225.500, 3.8665771484375E-09
8761.499, -226.000, 3.86749267578125E-09
8760.999, -226.500, 3.86749267578125E-09
8760.499, -227.000, 3.868408203125E-09
8759.999, -227.500, 3.86962890625E-09
8759.499, -228.000, 3.87176513671875E-09
8758.999, -228.500, 3.87054443359375E-09
8758.499, -229.000, 3.8726806640625E-09
8757.999, -229.500, 3.87420654296875E-09
8757.499, -230.000, 3.87542724609375E-09
8756.999, -230.500, 3.87664794921875E-09
8756.499, -231.000, 3.87664794921875E-09
8755.999, -231.500, 3.8787841796875E-09
8755.499, -232.000, 3.8812255859375E-09
8754.999, -232.500, 3.8800048828125E-09
8754.499, -233.000, 3.88214111328125E-09
8753.999, -233.500, 3.8836669921875E-09
8753.499, -234.000, 3.88519287109375E-09
8752.999, -234.500, 3.8848876953125E-09
8752.499, -235.000, 3.88580322265625E-09
8751.999, -235.500, 3.88641357421875E-09
8751.499, -236.000, 3.88824462890625E-09
8750.999, -236.500, 3.8885498046875E-09
8750.499, -237.000, 3.89068603515625E-09
8749.999, -237.500, 3.8916015625E-09
8749.499, -238.000, 3.89190673828125E-09
8748.999, -238.500, 3.8946533203125E-09
8748.499, -239.000, 3.89434814453125E-09
8747.999, -239.500, 3.89556884765625E-09
8747.499, -240.000, 3.896484375E-09
8746.999, -240.500, 3.897705078125E-09
8746.499, -241.000, 3.8983154296875E-09
8745.999, -241.500, 3.89984130859375E-09
8745.499, -242.000, 3.9007568359375E-09
8744.999, -242.500, 3.90167236328125E-09
8744.499, -243.000, 3.9019775390625E-09
8743.999, -243.500, 3.902587890625E-09
8743.499, -244.000, 3.90289306640625E-09
8742.999, -244.500, 3.90411376953125E-09
8742.499, -245.000, 3.9056396484375E-09
8741.999, -245.500, 3.9068603515625E-09
8741.499, -246.000, 3.9056396484375E-09
8740.999, -246.500, 3.907470703125E-09
8740.499, -247.000, 3.9080810546875E-09
8739.999, -247.500, 3.9068603515625E-09
8739.499, -248.000, 3.907470703125E-09
8738.999, -248.500, 3.91021728515625E-09
8738.499, -249.000, 3.9105224609375E-09
8737.999, -249.500, 3.90960693359375E-09
8737.499, -250.000, 3.9105224609375E-09
8736.999, -250.500, 3.91082763671875E-09
8736.499, -251.000, 3.912353515625E-09
8735.999, -251.500, 3.9117431640625E-09
8735.499, -252.000, 3.91326904296875E-09
8734.999, -252.500, 3.91357421875E-09
8734.499, -253.000, 3.91326904296875E-09
8733.999, -253.500, 3.91357421875E-09
8733.499, -254.000, 3.91448974609375E-09
8732.999, -254.500, 3.914794921875E-09
8732.499, -255.000, 3.914794921875E-09
8731.999, -255.500, 3.91448974609375E-09
8731.499, -256.000, 3.91448974609375E-09
8730.999, -256.500, 3.91510009765625E-09
8730.499, -257.000, 3.91571044921875E-09
8729.999, -257.500, 3.91632080078125E-09
8729.499, -258.000, 3.91632080078125E-09
8728.999, -258.500, 3.91632080078125E-09
8728.499, -259.000, 3.9166259765625E-09
8727.999, -259.500, 3.91693115234375E-09
8727.499, -260.000, 3.9166259765625E-09
8726.999, -260.500, 3.9154052734375E-09
8726.499, -261.000, 3.9166259765625E-09
8725.999, -261.500, 3.916015625E-09
8725.499, -262.000, 3.9166259765625E-09
8724.999, -262.500, 3.91693115234375E-09
8724.499, -263.000, 3.91693115234375E-09
8723.999, -263.500, 3.91510009765625E-09
8723.499, -264.000, 3.916015625E-09
8722.999, -264.500, 3.91693115234375E-09
8722.499, -265.000, 3.91571044921875E-09
8721.999, -265.500, 3.9154052734375E-09
8721.499, -266.000, 3.91815185546875E-09
8720.999, -266.500, 3.9166259765625E-09
8720.499, -267.000, 3.916015625E-09
8719.999, -267.500, 3.91571044921875E-09
8719.499, -268.000, 3.9166259765625E-09
8718.999, -268.500, 3.91693115234375E-09
8718.499, -269.000, 3.91693115234375E-09
8717.999, -269.500, 3.9166259765625E-09
8717.499, -270.000, 3.91571044921875E-09
8716.999, -270.500, 3.9166259765625E-09
8716.499, -271.000, 3.916015625E-09
8715.999, -271.500, 3.91632080078125E-09
8715.499, -272.000, 3.91510009765625E-09
8714.999, -272.500, 3.91571044921875E-09
8714.499, -273.000, 3.916015625E-09
8713.999, -273.500, 3.916015625E-09
8713.499, -274.000, 3.91448974609375E-09
8712.999, -274.500, 3.914794921875E-09
8712.499, -275.000, 3.914794921875E-09
8711.999, -275.500, 3.91632080078125E-09
8711.499, -276.000, 3.91510009765625E-09
8710.999, -276.500, 3.914794921875E-09
8710.499, -277.000, 3.91510009765625E-09
8709.999, -277.500, 3.9141845703125E-09
8709.499, -278.000, 3.91510009765625E-09
8708.999, -278.500, 3.91387939453125E-09
8708.499, -279.000, 3.9141845703125E-09
8707.999, -279.500, 3.91326904296875E-09
8707.499, -280.000, 3.914794921875E-09
8706.999, -280.500, 3.91326904296875E-09
8706.499, -281.000, 3.9129638671875E-09
8705.999, -281.500, 3.91387939453125E-09
8705.499, -282.000, 3.9129638671875E-09
8704.999, -282.500, 3.91387939453125E-09
8704.499, -283.000, 3.91143798828125E-09
8703.999, -283.500, 3.91265869140625E-09
8703.499, -284.000, 3.9117431640625E-09
8702.999, -284.500, 3.91265869140625E-09
8702.499, -285.000, 3.912353515625E-09
8701.999, -285.500, 3.912353515625E-09
8701.499, -286.000, 3.912353515625E-09
8700.999, -286.500, 3.9117431640625E-09
8700.499, -287.000, 3.91143798828125E-09
8699.999, -287.500, 3.9117431640625E-09
8699.499, -288.000, 3.9111328125E-09
8698.999, -288.500, 3.91143798828125E-09
8698.499, -289.000, 3.9105224609375E-09
8697.999, -289.500, 3.9105224609375E-09
8697.499, -290.000, 3.9105224609375E-09
8696.999, -290.500, 3.9105224609375E-09
8696.499, -291.000, 3.9093017578125E-09
8695.999, -291.500, 3.909912109375E-09
8695.499, -292.000, 3.909912109375E-09
8694.999, -292.500, 3.9093017578125E-09
8694.499, -293.000, 3.9093017578125E-09
8693.999, -293.500, 3.90838623046875E-09
8693.499, -294.000, 3.90869140625E-09
8692.999, -294.500, 3.9093017578125E-09
8692.499, -295.000, 3.90777587890625E-09
8691.999, -295.500, 3.9080810546875E-09
8691.499, -296.000, 3.90777587890625E-09
8690.999, -296.500, 3.90777587890625E-09
8690.499, -297.000, 3.90838623046875E-09
8689.999, -297.500, 3.90838623046875E-09
8689.499, -298.000, 3.907470703125E-09
8688.999, -298.500, 3.90716552734375E-09
8688.499, -299.000, 3.90777587890625E-09
8687.999, -299.500, 3.90777587890625E-09
8687.499, -300.000, 3.90655517578125E-09
8686.999, -300.500, 3.90625E-09
8686.499, -301.000, 3.90625E-09
8685.999, -301.500, 3.90625E-09
8685.499, -302.000, 3.9056396484375E-09
8684.999, -302.500, 3.90655517578125E-09
8684.499, -303.000, 3.90594482421875E-09
8683.999, -303.500, 3.90655517578125E-09
8683.499, -304.000, 3.90594482421875E-09
8682.999, -304.500, 3.905029296875E-09
8682.499, -305.000, 3.90472412109375E-09
8681.999, -305.500, 3.905029296875E-09
8681.499, -306.000, 3.90472412109375E-09
8680.999, -306.500, 3.9044189453125E-09
8680.499, -307.000, 3.90380859375E-09
8679.999, -307.500, 3.9044189453125E-09
8679.499, -308.000, 3.90411376953125E-09
8678.999, -308.500, 3.90350341796875E-09
8678.499, -309.000, 3.90289306640625E-09
8677.999, -309.500, 3.9031982421875E-09
8677.499, -310.000, 3.9044189453125E-09
8676.999, -310.500, 3.902587890625E-09
8676.499, -311.000, 3.90228271484375E-09
8675.999, -311.500, 3.902587890625E-09
8675.499, -312.000, 3.9031982421875E-09
8674.999, -312.500, 3.902587890625E-09
8674.499, -313.000, 3.90289306640625E-09
8673.999, -313.500, 3.902587890625E-09
8673.499, -314.000, 3.9013671875E-09
8672.999, -314.500, 3.902587890625E-09
8672.499, -315.000, 3.9013671875E-09
8671.999, -315.500, 3.9013671875E-09
8671.499, -316.000, 3.90106201171875E-09
8670.999, -316.500, 3.9019775390625E-09
8670.499, -317.000, 3.90167236328125E-09
8669.999, -317.500, 3.89923095703125E-09
8669.499, -318.000, 3.8995361328125E-09
8668.999, -318.500, 3.89984130859375E-09
8668.499, -319.000, 3.89984130859375E-09
8667.999, -319.500, 3.89923095703125E-09
8667.499, -320.000, 3.8995361328125E-09
8666.999, -320.500, 3.900146484375E-09
8666.499, -321.000, 3.89862060546875E-09
8665.999, -321.500, 3.897705078125E-09
8665.499, -322.000, 3.89801025390625E-09
8664.999, -322.500, 3.89892578125E-09
8664.499, -323.000, 3.8983154296875E-09
8663.999, -323.500, 3.89739990234375E-09
8663.499, -324.000, 3.89739990234375E-09
8662.999, -324.500, 3.89892578125E-09
8662.499, -325.000, 3.89739990234375E-09
8661.999, -325.500, 3.89678955078125E-09
8661.499, -326.000, 3.89678955078125E-09
8660.999, -326.500, 3.896484375E-09
8660.499, -327.000, 3.89556884765625E-09
8659.999, -327.500, 3.89739990234375E-09
8659.499, -328.000, 3.89739990234375E-09
8658.999, -328.500, 3.89617919921875E-09
8658.499, -329.000, 3.89617919921875E-09
8657.999, -329.500, 3.8970947265625E-09
8657.499, -330.000, 3.896484375E-09
8656.999, -330.500, 3.89495849609375E-09
8656.499, -331.000, 3.895263671875E-09
8655.999, -331.500, 3.8958740234375E-09
8655.499, -332.000, 3.8946533203125E-09
8654.999, -332.500, 3.895263671875E-09
8654.499, -333.000, 3.89556884765625E-09
8653.999, -333.500, 3.89495849609375E-09
8653.499, -334.000, 3.89404296875E-09
8652.999, -334.500, 3.89404296875E-09
8652.499, -335.000, 3.89404296875E-09
8651.999, -335.500, 3.8946533203125E-09
8651.499, -336.000, 3.89373779296875E-09
8650.999, -336.500, 3.89373779296875E-09
8650.499, -337.000, 3.8934326171875E-09
8649.999, -337.500, 3.89404296875E-09
8649.499, -338.000, 3.892822265625E-09
8648.999, -338.500, 3.89312744140625E-09
8648.499, -339.000, 3.89312744140625E-09
8647.999, -339.500, 3.89251708984375E-09
8647.499, -340.000, 3.89190673828125E-09
8646.999, -340.500, 3.8922119140625E-09
8646.499, -341.000, 3.89251708984375E-09
8645.999, -341.500, 3.8922119140625E-09
8645.499, -342.000, 3.89190673828125E-09
8644.999, -342.500, 3.89129638671875E-09
8644.499, -343.000, 3.8909912109375E-09
8643.999, -343.500, 3.8909912109375E-09
8643.499, -344.000, 3.8909912109375E-09
8642.999, -344.500, 3.89129638671875E-09
8642.499, -345.000, 3.89007568359375E-09
8641.999, -345.500, 3.890380859375E-09
8641.499, -346.000, 3.8916015625E-09
8640.999, -346.500, 3.890380859375E-09
8640.499, -347.000, 3.8909912109375E-09
8639.999, -347.500, 3.8897705078125E-09
8639.499, -348.000, 3.89007568359375E-09
8638.999, -348.500, 3.8897705078125E-09
8638.499, -349.000, 3.89007568359375E-09
8637.999, -349.500, 3.88946533203125E-09
8637.499, -350.000, 3.88885498046875E-09
8636.999, -350.500, 3.8873291015625E-09
8636.499, -351.000, 3.887939453125E-09
8635.999, -351.500, 3.8885498046875E-09
8635.499, -352.000, 3.8885498046875E-09
8634.999, -352.500, 3.8885498046875E-09
8634.499, -353.000, 3.88763427734375E-09
8633.999, -353.500, 3.8873291015625E-09
8633.499, -354.000, 3.88824462890625E-09
8632.999, -354.500, 3.8885498046875E-09
8632.499, -355.000, 3.8885498046875E-09
8631.999, -355.500, 3.887939453125E-09
8631.499, -356.000, 3.887939453125E-09
8630.999, -356.500, 3.88671875E-09
8630.499, -357.000, 3.88702392578125E-09
8629.999, -357.500, 3.88763427734375E-09
8629.499, -358.000, 3.88641357421875E-09
8628.999, -358.500, 3.88671875E-09
8628.499, -359.000, 3.88671875E-09
8627.999, -359.500, 3.8873291015625E-09
8627.499, -360.000, 3.88702392578125E-09
8626.999, -360.500, 3.88580322265625E-09
8626.499, -361.000, 3.88580322265625E-09
8625.999, -361.500, 3.88580322265625E-09
8625.499, -362.000, 3.88641357421875E-09
8624.999, -362.500, 3.88580322265625E-09
8624.499, -363.000, 3.88519287109375E-09
8623.999, -363.500, 3.88580322265625E-09
8623.499, -364.000, 3.8861083984375E-09
8622.999, -364.500, 3.885498046875E-09
8622.499, -365.000, 3.88519287109375E-09
8621.999, -365.500, 3.88519287109375E-09
8621.499, -366.000, 3.885498046875E-09
8620.999, -366.500, 3.88580322265625E-09
8620.499, -367.000, 3.88458251953125E-09
8619.999, -367.500, 3.88458251953125E-09
8619.499, -368.000, 3.88458251953125E-09
8618.999, -368.500, 3.88427734375E-09
8618.499, -369.000, 3.8836669921875E-09
8617.999, -369.500, 3.88397216796875E-09
8617.499, -370.000, 3.88519287109375E-09
8616.999, -370.500, 3.8848876953125E-09
8616.499, -371.000, 3.8848876953125E-09
8615.999, -371.500, 3.88336181640625E-09
8615.499, -372.000, 3.88336181640625E-09
8614.999, -372.500, 3.8848876953125E-09
8614.499, -373.000, 3.883056640625E-09
8613.999, -373.500, 3.88275146484375E-09
8613.499, -374.000, 3.8824462890625E-09
8612.999, -374.500, 3.883056640625E-09
8612.499, -375.000, 3.88397216796875E-09
8611.999, -375.500, 3.88214111328125E-09
8611.499, -376.000, 3.8824462890625E-09
8610.999, -376.500, 3.88214111328125E-09
8610.499, -377.000, 3.883056640625E-09
8609.999, -377.500, 3.883056640625E-09
8609.499, -378.000, 3.8812255859375E-09
8608.999, -378.500, 3.88275146484375E-09
8608.499, -379.000, 3.88275146484375E-09
8607.999, -379.500, 3.8812255859375E-09
8607.499, -380.000, 3.8812255859375E-09
8606.999, -380.500, 3.880615234375E-09
8606.499, -381.000, 3.8812255859375E-09
8605.999, -381.500, 3.88153076171875E-09
8605.499, -382.000, 3.8812255859375E-09
8604.999, -382.500, 3.88092041015625E-09
8604.499, -383.000, 3.88092041015625E-09
8603.999, -383.500, 3.88092041015625E-09
8603.499, -384.000, 3.880615234375E-09
8602.999, -384.500, 3.88092041015625E-09
8602.499, -385.000, 3.8818359375E-09
8601.999, -385.500, 3.88092041015625E-09
8601.499, -386.000, 3.880615234375E-09
8600.999, -386.500, 3.8800048828125E-09
8600.499, -387.000, 3.88092041015625E-09
8599.999, -387.500, 3.880615234375E-09
8599.499, -388.000, 3.88031005859375E-09
8598.999, -388.500, 3.8800048828125E-09
8598.499, -389.000, 3.87939453125E-09
8597.999, -389.500, 3.880615234375E-09
8597.499, -390.000, 3.87939453125E-09
8596.999, -390.500, 3.8800048828125E-09
8596.499, -391.000, 3.87969970703125E-09
8595.999, -391.500, 3.87969970703125E-09
8595.499, -392.000, 3.8787841796875E-09
8594.999, -392.500, 3.87908935546875E-09
8594.499, -393.000, 3.87939453125E-09
8593.999, -393.500, 3.87939453125E-09
8593.499, -394.000, 3.8787841796875E-09
8592.999, -394.500, 3.8787841796875E-09
8592.499, -395.000, 3.8800048828125E-09
8591.999, -395.500, 3.87847900390625E-09
8591.499, -396.000, 3.878173828125E-09
8590.999, -396.500, 3.8787841796875E-09
8590.499, -397.000, 3.87908935546875E-09
8589.999, -397.500, 3.87908935546875E-09
8589.499, -398.000, 3.8787841796875E-09
8588.999, -398.500, 3.878173828125E-09
8588.499, -399.000, 3.8775634765625E-09
8587.999, -399.500, 3.878173828125E-09
8587.499, -400.000, 3.87939453125E-09
8586.999, -400.500, 3.8775634765625E-09
8586.499, -401.000, 3.8775634765625E-09
8585.999, -401.500, 3.87847900390625E-09
8585.499, -402.000, 3.87786865234375E-09
8584.999, -402.500, 3.87725830078125E-09
8584.499, -403.000, 3.87725830078125E-09
8583.999, -403.500, 3.8775634765625E-09
8583.499, -404.000, 3.8775634765625E-09
8582.999, -404.500, 3.8763427734375E-09
8582.499, -405.000, 3.87725830078125E-09
8581.999, -405.500, 3.87786865234375E-09
8581.499, -406.000, 3.87664794921875E-09
8580.999, -406.500, 3.87603759765625E-09
8580.499, -407.000, 3.87725830078125E-09
8579.999, -407.500, 3.87603759765625E-09
8579.499, -408.000, 3.87725830078125E-09
8578.999, -408.500, 3.87664794921875E-09
8578.499, -409.000, 3.87542724609375E-09
8577.999, -409.500, 3.87542724609375E-09
8577.499, -410.000, 3.8763427734375E-09
8576.999, -410.500, 3.8763427734375E-09
8576.499, -411.000, 3.875732421875E-09
8575.999, -411.500, 3.87451171875E-09
8575.499, -412.000, 3.8763427734375E-09
8574.999, -412.500, 3.87542724609375E-09
8574.499, -413.000, 3.87481689453125E-09
8573.999, -413.500, 3.87420654296875E-09
8573.499, -414.000, 3.875732421875E-09
8572.999, -414.500, 3.87542724609375E-09
8572.499, -415.000, 3.87481689453125E-09
8571.999, -415.500, 3.87420654296875E-09
8571.499, -416.000, 3.8739013671875E-09
8570.999, -416.500, 3.87451171875E-09
8570.499, -417.000, 3.875732421875E-09
8569.999, -417.500, 3.8739013671875E-09
8569.499, -418.000, 3.87420654296875E-09
8568.999, -418.500, 3.8739013671875E-09
8568.499, -419.000, 3.8739013671875E-09
8567.999, -419.500, 3.87359619140625E-09
8567.499, -420.000, 3.87451171875E-09
8566.999, -420.500, 3.873291015625E-09
8566.499, -421.000, 3.87481689453125E-09
8565.999, -421.500, 3.8739013671875E-09
8565.499, -422.000, 3.873291015625E-09
8564.999, -422.500, 3.87359619140625E-09
8564.499, -423.000, 3.87359619140625E-09
8563.999, -423.500, 3.873291015625E-09
8563.499, -424.000, 3.873291015625E-09
8562.999, -424.500, 3.87298583984375E-09
8562.499, -425.000, 3.87176513671875E-09
8561.999, -425.500, 3.87176513671875E-09
8561.499, -426.000, 3.87176513671875E-09
8560.999, -426.500, 3.8726806640625E-09
8560.499, -427.000, 3.87115478515625E-09
8559.999, -427.500, 3.8726806640625E-09
8559.499, -428.000, 3.87237548828125E-09
8558.999, -428.500, 3.87176513671875E-09
8558.499, -429.000, 3.8714599609375E-09
8557.999, -429.500, 3.87176513671875E-09
8557.499, -430.000, 3.87176513671875E-09
8556.999, -430.500, 3.8714599609375E-09
8556.499, -431.000, 3.8720703125E-09
8555.999, -431.500, 3.87115478515625E-09
8555.499, -432.000, 3.8714599609375E-09
8554.999, -432.500, 3.8714599609375E-09
8554.499, -433.000, 3.87054443359375E-09
8553.999, -433.500, 3.87115478515625E-09
8553.499, -434.000, 3.870849609375E-09
8552.999, -434.500, 3.87115478515625E-09
8552.499, -435.000, 3.87115478515625E-09
8551.999, -435.500, 3.87054443359375E-09
8551.499, -436.000, 3.870849609375E-09
8550.999, -436.500, 3.86932373046875E-09
8550.499, -437.000, 3.8702392578125E-09
8549.999, -437.500, 3.87054443359375E-09
8549.499, -438.000, 3.86932373046875E-09
8548.999, -438.500, 3.86962890625E-09
8548.499, -439.000, 3.86932373046875E-09
8547.999, -439.500, 3.86993408203125E-09
8547.499, -440.000, 3.8702392578125E-09
8546.999, -440.500, 3.86993408203125E-09
8546.499, -441.000, 3.86962890625E-09
8545.999, -441.500, 3.86871337890625E-09
8545.499, -442.000, 3.8690185546875E-09
8544.999, -442.500, 3.868408203125E-09
8544.499, -443.000, 3.86810302734375E-09
8543.999, -443.500, 3.868408203125E-09
8543.499, -444.000, 3.86810302734375E-09
8542.999, -444.500, 3.868408203125E-09
8542.499, -445.000, 3.86810302734375E-09
8541.999, -445.500, 3.86810302734375E-09
8541.499, -446.000, 3.8671875E-09
8540.999, -446.500, 3.86749267578125E-09
8540.499, -447.000, 3.86871337890625E-09
8539.999, -447.500, 3.86688232421875E-09
8539.499, -448.000, 3.8671875E-09
8538.999, -448.500, 3.86688232421875E-09
8538.499, -449.000, 3.8671875E-09
8537.999, -449.500, 3.86749267578125E-09
8537.499, -450.000, 3.86627197265625E-09
8536.999, -450.500, 3.865966796875E-09
8536.499, -451.000, 3.86566162109375E-09
8535.999, -451.500, 3.8665771484375E-09
8535.499, -452.000, 3.8665771484375E-09
8534.999, -452.500, 3.86566162109375E-09
8534.499, -453.000, 3.865966796875E-09
8533.999, -453.500, 3.86566162109375E-09
8533.499, -454.000, 3.86566162109375E-09
8532.999, -454.500, 3.8653564453125E-09
8532.499, -455.000, 3.86566162109375E-09
8531.999, -455.500, 3.86474609375E-09
8531.499, -456.000, 3.86566162109375E-09
8530.999, -456.500, 3.86627197265625E-09
8530.499, -457.000, 3.86444091796875E-09
8529.999, -457.500, 3.86383056640625E-09
8529.499, -458.000, 3.86444091796875E-09
8528.999, -458.500, 3.86444091796875E-09
8528.499, -459.000, 3.8641357421875E-09
8527.999, -459.500, 3.86322021484375E-09
8527.499, -460.000, 3.86383056640625E-09
8526.999, -460.500, 3.86383056640625E-09
8526.499, -461.000, 3.86322021484375E-09
8525.999, -461.500, 3.86199951171875E-09
8525.499, -462.000, 3.8629150390625E-09
8524.999, -462.500, 3.86260986328125E-09
8524.499, -463.000, 3.8623046875E-09
8523.999, -463.500, 3.8616943359375E-09
8523.499, -464.000, 3.86077880859375E-09
8522.999, -464.500, 3.8616943359375E-09
8522.499, -465.000, 3.86199951171875E-09
8521.999, -465.500, 3.86138916015625E-09
8521.499, -466.000, 3.86077880859375E-09
8520.999, -466.500, 3.86077880859375E-09
8520.499, -467.000, 3.85986328125E-09
8519.999, -467.500, 3.86077880859375E-09
8519.499, -468.000, 3.8592529296875E-09
8518.999, -468.500, 3.85894775390625E-09
8518.499, -469.000, 3.8592529296875E-09
8517.999, -469.500, 3.86016845703125E-09
8517.499, -470.000, 3.85986328125E-09
8516.999, -470.500, 3.85955810546875E-09
8516.499, -471.000, 3.85833740234375E-09
8515.999, -471.500, 3.85772705078125E-09
8515.499, -472.000, 3.857421875E-09
8514.999, -472.500, 3.8580322265625E-09
8514.499, -473.000, 3.85589599609375E-09
8513.999, -473.500, 3.8568115234375E-09
8513.499, -474.000, 3.857421875E-09
8512.999, -474.500, 3.857421875E-09
8512.499, -475.000, 3.8568115234375E-09
8511.999, -475.500, 3.8555908203125E-09
8511.499, -476.000, 3.856201171875E-09
8510.999, -476.500, 3.856201171875E-09
8510.499, -477.000, 3.8555908203125E-09
8509.999, -477.500, 3.85498046875E-09
8509.499, -478.000, 3.85467529296875E-09
8508.999, -478.500, 3.85467529296875E-09
8508.499, -479.000, 3.85406494140625E-09
8507.999, -479.500, 3.853759765625E-09
8507.499, -480.000, 3.853759765625E-09
8506.999, -480.500, 3.853759765625E-09
8506.499, -481.000, 3.8531494140625E-09
8505.999, -481.500, 3.8531494140625E-09
8505.499, -482.000, 3.85345458984375E-09
8504.999, -482.500, 3.8525390625E-09
8504.499, -483.000, 3.8519287109375E-09
8503.999, -483.500, 3.8525390625E-09
8503.499, -484.000, 3.85223388671875E-09
8502.999, -484.500, 3.8525390625E-09
8502.499, -485.000, 3.85223388671875E-09
8501.999, -485.500, 3.8519287109375E-09
8501.499, -486.000, 3.8519287109375E-09
8500.999, -486.500, 3.85162353515625E-09
8500.499, -487.000, 3.8507080078125E-09
8499.999, -487.500, 3.8507080078125E-09
8499.499, -488.000, 3.85040283203125E-09
8498.999, -488.500, 3.85009765625E-09
8498.499, -489.000, 3.8507080078125E-09
8497.999, -489.500, 3.8507080078125E-09
8497.499, -490.000, 3.85101318359375E-09
8496.999, -490.500, 3.84979248046875E-09
8496.499, -491.000, 3.85009765625E-09
8495.999, -491.500, 3.85009765625E-09
8495.499, -492.000, 3.8494873046875E-09
8494.999, -492.500, 3.848876953125E-09
8494.499, -493.000, 3.84918212890625E-09
8493.999, -493.500, 3.84918212890625E-09
8493.499, -494.000, 3.84979248046875E-09
8492.999, -494.500, 3.85009765625E-09
8492.499, -495.000, 3.84796142578125E-09
8491.999, -495.500, 3.84918212890625E-09
8491.499, -496.000, 3.848876953125E-09
8490.999, -496.500, 3.84918212890625E-09
8490.499, -497.000, 3.84796142578125E-09
8489.999, -497.500, 3.84796142578125E-09
8489.499, -498.000, 3.8482666015625E-09
8488.999, -498.500, 3.84918212890625E-09
8488.499, -499.000, 3.84857177734375E-09
8487.999, -499.500, 3.8482666015625E-09
8487.499, -500.000, 3.848876953125E-09
8486.999, -500.500, 3.8494873046875E-09
8486.499, -501.000, 3.848876953125E-09
8485.999, -501.500, 3.84857177734375E-09
8485.499, -502.000, 3.84857177734375E-09
8484.999, -502.500, 3.84796142578125E-09
8484.499, -503.000, 3.84857177734375E-09
8483.999, -503.500, 3.84765625E-09
8483.499, -504.000, 3.848876953125E-09
8482.999, -504.500, 3.848876953125E-09
8482.499, -505.000, 3.84857177734375E-09
8481.999, -505.500, 3.84918212890625E-09
8481.499, -506.000, 3.84857177734375E-09
8480.999, -506.500, 3.8482666015625E-09
8480.499, -507.000, 3.848876953125E-09
8479.999, -507.500, 3.8494873046875E-09
8479.499, -508.000, 3.84918212890625E-09
8478.999, -508.500, 3.84979248046875E-09
8478.499, -509.000, 3.8494873046875E-09
8477.999, -509.500, 3.8494873046875E-09
8477.499, -510.000, 3.848876953125E-09
8476.999, -510.500, 3.84918212890625E-09
8476.499, -511.000, 3.84979248046875E-09
8475.999, -511.500, 3.85040283203125E-09
8475.499, -512.000, 3.85040283203125E-09
8474.999, -512.500, 3.848876953125E-09
8474.499, -513.000, 3.8507080078125E-09
8473.999, -513.500, 3.84979248046875E-09
8473.499, -514.000, 3.8494873046875E-09
8472.999, -514.500, 3.8507080078125E-09
8472.499, -515.000, 3.8507080078125E-09
8471.999, -515.500, 3.85101318359375E-09
8471.499, -516.000, 3.85009765625E-09
8470.999, -516.500, 3.85101318359375E-09
8470.499, -517.000, 3.8519287109375E-09
8469.999, -517.500, 3.8519287109375E-09
8469.499, -518.000, 3.85101318359375E-09
8468.999, -518.500, 3.8525390625E-09
8468.499, -519.000, 3.8519287109375E-09
8467.999, -519.500, 3.85284423828125E-09
8467.499, -520.000, 3.8525390625E-09
8466.999, -520.500, 3.851318359375E-09
8466.499, -521.000, 3.8519287109375E-09
8465.999, -521.500, 3.8531494140625E-09
8465.499, -522.000, 3.85284423828125E-09
8464.999, -522.500, 3.85284423828125E-09
8464.499, -523.000, 3.8531494140625E-09
8463.999, -523.500, 3.85284423828125E-09
8463.499, -524.000, 3.85406494140625E-09
8462.999, -524.500, 3.853759765625E-09
8462.499, -525.000, 3.8531494140625E-09
8461.999, -525.500, 3.85406494140625E-09
8461.499, -526.000, 3.8543701171875E-09
8460.999, -526.500, 3.85467529296875E-09
8460.499, -527.000, 3.85406494140625E-09
8459.999, -527.500, 3.85406494140625E-09
8459.499, -528.000, 3.85467529296875E-09
8458.999, -528.500, 3.85498046875E-09
8458.499, -529.000, 3.8543701171875E-09
8457.999, -529.500, 3.8555908203125E-09
8457.499, -530.000, 3.85528564453125E-09
8456.999, -530.500, 3.85528564453125E-09
8456.499, -531.000, 3.85528564453125E-09
8455.999, -531.500, 3.85589599609375E-09
8455.499, -532.000, 3.8555908203125E-09
8454.999, -532.500, 3.856201171875E-09
8454.499, -533.000, 3.8568115234375E-09
8453.999, -533.500, 3.8555908203125E-09
8453.499, -534.000, 3.8555908203125E-09
8452.999, -534.500, 3.85650634765625E-09
8452.499, -535.000, 3.85772705078125E-09
8451.999, -535.500, 3.857421875E-09
8451.499, -536.000, 3.8580322265625E-09
8450.999, -536.500, 3.8580322265625E-09
8450.499, -537.000, 3.8568115234375E-09
8449.999, -537.500, 3.85833740234375E-09
8449.499, -538.000, 3.85833740234375E-09
8448.999, -538.500, 3.85833740234375E-09
8448.499, -539.000, 3.858642578125E-09
8447.999, -539.500, 3.8592529296875E-09
8447.499, -540.000, 3.85894775390625E-09
8446.999, -540.500, 3.8592529296875E-09
8446.499, -541.000, 3.85955810546875E-09
8445.999, -541.500, 3.85894775390625E-09
8445.499, -542.000, 3.8592529296875E-09
8444.999, -542.500, 3.86016845703125E-09
8444.499, -543.000, 3.86016845703125E-09
8443.999, -543.500, 3.86016845703125E-09
8443.499, -544.000, 3.85986328125E-09
8442.999, -544.500, 3.86016845703125E-09
8442.499, -545.000, 3.861083984375E-09
8441.999, -545.500, 3.86077880859375E-09
8441.499, -546.000, 3.86016845703125E-09
8440.999, -546.500, 3.86077880859375E-09
8440.499, -547.000, 3.86199951171875E-09
8439.999, -547.500, 3.8616943359375E-09
8439.499, -548.000, 3.86199951171875E-09
8438.999, -548.500, 3.86199951171875E-09
8438.499, -549.000, 3.861083984375E-09
8437.999, -549.500, 3.86199951171875E-09
8437.499, -550.000, 3.8623046875E-09
8436.999, -550.500, 3.8623046875E-09
8436.499, -551.000, 3.86199951171875E-09
8435.999, -551.500, 3.86138916015625E-09
8435.499, -552.000, 3.8629150390625E-09
8434.999, -552.500, 3.863525390625E-09
8434.499, -553.000, 3.8623046875E-09
8433.999, -553.500, 3.86260986328125E-09
8433.499, -554.000, 3.8629150390625E-09
8432.999, -554.500, 3.863525390625E-09
8432.499, -555.000, 3.8629150390625E-09
8431.999, -555.500, 3.86260986328125E-09
8431.499, -556.000, 3.8641357421875E-09
8430.999, -556.500, 3.86383056640625E-09
8430.499, -557.000, 3.863525390625E-09
8429.999, -557.500, 3.86474609375E-09
8429.499, -558.000, 3.8653564453125E-09
8428.999, -558.500, 3.8641357421875E-09
8428.499, -559.000, 3.86474609375E-09
8427.999, -559.500, 3.8641357421875E-09
8427.499, -560.000, 3.86505126953125E-09
8426.999, -560.500, 3.8653564453125E-09
8426.499, -561.000, 3.86505126953125E-09
8425.999, -561.500, 3.86444091796875E-09
8425.499, -562.000, 3.86474609375E-09
8424.999, -562.500, 3.86474609375E-09
8424.499, -563.000, 3.86627197265625E-09
8423.999, -563.500, 3.8653564453125E-09
8423.499, -564.000, 3.86474609375E-09
8422.999, -564.500, 3.86627197265625E-09
8422.499, -565.000, 3.86566162109375E-09
8421.999, -565.500, 3.8653564453125E-09
8421.499, -566.000, 3.86505126953125E-09
8420.999, -566.500, 3.86627197265625E-09
8420.499, -567.000, 3.86688232421875E-09
8419.999, -567.500, 3.86505126953125E-09
8419.499, -568.000, 3.86627197265625E-09
8418.999, -568.500, 3.86749267578125E-09
8418.499, -569.000, 3.86627197265625E-09
8417.999, -569.500, 3.86627197265625E-09
8417.499, -570.000, 3.8677978515625E-09
8416.999, -570.500, 3.8677978515625E-09
8416.499, -571.000, 3.86688232421875E-09
8415.999, -571.500, 3.8665771484375E-09
8415.499, -572.000, 3.86749267578125E-09
8414.999, -572.500, 3.8677978515625E-09
8414.499, -573.000, 3.86688232421875E-09
8413.999, -573.500, 3.8677978515625E-09
8413.499, -574.000, 3.86688232421875E-09
8412.999, -574.500, 3.86688232421875E-09
8412.499, -575.000, 3.8690185546875E-09
8411.999, -575.500, 3.868408203125E-09
8411.499, -576.000, 3.86749267578125E-09
8410.999, -576.500, 3.86810302734375E-09
8410.499, -577.000, 3.86871337890625E-09
8409.999, -577.500, 3.86810302734375E-09
8409.499, -578.000, 3.8671875E-09
8408.999, -578.500, 3.8690185546875E-09
8408.499, -579.000, 3.8690185546875E-09
8407.999, -579.500, 3.86871337890625E-09
8407.499, -580.000, 3.86810302734375E-09
8406.999, -580.500, 3.86932373046875E-09
8406.499, -581.000, 3.868408203125E-09
8405.999, -581.500, 3.86962890625E-09
8405.499, -582.000, 3.8677978515625E-09
8404.999, -582.500, 3.86810302734375E-09
8404.499, -583.000, 3.86932373046875E-09
8403.999, -583.500, 3.8702392578125E-09
8403.499, -584.000, 3.8702392578125E-09
8402.999, -584.500, 3.86871337890625E-09
8402.499, -585.000, 3.868408203125E-09
8401.999, -585.500, 3.86962890625E-09
8401.499, -586.000, 3.86932373046875E-09
8400.999, -586.500, 3.8690185546875E-09
8400.499, -587.000, 3.8677978515625E-09
8399.999, -587.500, 3.86993408203125E-09
8399.499, -588.000, 3.8702392578125E-09
8398.999, -588.500, 3.8677978515625E-09
8398.499, -589.000, 3.86871337890625E-09
8397.999, -589.500, 3.86932373046875E-09
8397.499, -590.000, 3.8690185546875E-09
8396.999, -590.500, 3.8702392578125E-09
8396.499, -591.000, 3.8702392578125E-09
8395.999, -591.500, 3.8702392578125E-09
8395.499, -592.000, 3.86993408203125E-09
8394.999, -592.500, 3.86871337890625E-09
8394.499, -593.000, 3.86962890625E-09
8393.999, -593.500, 3.8702392578125E-09
8393.499, -594.000, 3.86993408203125E-09
8392.999, -594.500, 3.8690185546875E-09
8392.499, -595.000, 3.86962890625E-09
8391.999, -595.500, 3.87054443359375E-09
8391.499, -596.000, 3.8702392578125E-09
8390.999, -596.500, 3.86932373046875E-09
8390.499, -597.000, 3.8702392578125E-09
8389.999, -597.500, 3.870849609375E-09
8389.499, -598.000, 3.86932373046875E-09
8388.999, -598.500, 3.8702392578125E-09
8388.499, -599.000, 3.8690185546875E-09
8387.999, -599.500, 3.87054443359375E-09
8387.499, -600.000, 3.8702392578125E-09
8386.999, -600.500, 3.8702392578125E-09
8386.499, -601.000, 3.8690185546875E-09
8385.999, -601.500, 3.8702392578125E-09
8385.499, -602.000, 3.87054443359375E-09
8384.999, -602.500, 3.870849609375E-09
8384.499, -603.000, 3.86993408203125E-09
8383.999, -603.500, 3.86962890625E-09
8383.499, -604.000, 3.8702392578125E-09
8382.999, -604.500, 3.87054443359375E-09
8382.499, -605.000, 3.86932373046875E-09
8381.999, -605.500, 3.86932373046875E-09
8381.499, -606.000, 3.87054443359375E-09
8380.999, -606.500, 3.86993408203125E-09
8380.499, -607.000, 3.8690185546875E-09
8379.999, -607.500, 3.86962890625E-09
8379.499, -608.000, 3.86993408203125E-09
8378.999, -608.500, 3.87054443359375E-09
8378.499, -609.000, 3.86993408203125E-09
8377.999, -609.500, 3.86993408203125E-09
8377.499, -610.000, 3.86993408203125E-09
8376.999, -610.500, 3.87054443359375E-09
8376.499, -611.000, 3.86993408203125E-09
8375.999, -611.500, 3.86993408203125E-09
8375.499, -612.000, 3.8690185546875E-09
8374.999, -612.500, 3.8702392578125E-09
8374.499, -613.000, 3.86932373046875E-09
8373.999, -613.500, 3.868408203125E-09
8373.499, -614.000, 3.86932373046875E-09
8372.999, -614.500, 3.8702392578125E-09
8372.499, -615.000, 3.86962890625E-09
8371.999, -615.500, 3.86871337890625E-09
8371.499, -616.000, 3.8690185546875E-09
8370.999, -616.500, 3.86993408203125E-09
8370.499, -617.000, 3.870849609375E-09
8369.999, -617.500, 3.86871337890625E-09
8369.499, -618.000, 3.86962890625E-09
8368.999, -618.500, 3.86871337890625E-09
8368.499, -619.000, 3.86932373046875E-09
8367.999, -619.500, 3.86993408203125E-09
8367.499, -620.000, 3.8690185546875E-09
8366.999, -620.500, 3.86993408203125E-09
8366.499, -621.000, 3.8702392578125E-09
8365.999, -621.500, 3.86993408203125E-09
8365.499, -622.000, 3.86962890625E-09
8364.999, -622.500, 3.86962890625E-09
8364.499, -623.000, 3.86932373046875E-09
8363.999, -623.500, 3.86993408203125E-09
8363.499, -624.000, 3.86962890625E-09
8362.999, -624.500, 3.868408203125E-09
8362.499, -625.000, 3.86993408203125E-09
8361.999, -625.500, 3.86932373046875E-09
8361.499, -626.000, 3.86871337890625E-09
8360.999, -626.500, 3.868408203125E-09
8360.499, -627.000, 3.86932373046875E-09
8359.999, -627.500, 3.86871337890625E-09
8359.499, -628.000, 3.86871337890625E-09
8358.999, -628.500, 3.8677978515625E-09
8358.499, -629.000, 3.86962890625E-09
8357.999, -629.500, 3.86810302734375E-09
8357.499, -630.000, 3.86932373046875E-09
8356.999, -630.500, 3.86871337890625E-09
8356.499, -631.000, 3.86932373046875E-09
8355.999, -631.500, 3.8690185546875E-09
8355.499, -632.000, 3.86810302734375E-09
8354.999, -632.500, 3.86932373046875E-09
8354.499, -633.000, 3.868408203125E-09
8353.999, -633.500, 3.868408203125E-09
8353.499, -634.000, 3.86810302734375E-09
8352.999, -634.500, 3.86993408203125E-09
8352.499, -635.000, 3.8690185546875E-09
8351.999, -635.500, 3.86810302734375E-09
8351.499, -636.000, 3.86810302734375E-09
8350.999, -636.500, 3.8677978515625E-09
8350.499, -637.000, 3.8690185546875E-09
8349.999, -637.500, 3.8690185546875E-09
8349.499, -638.000, 3.8671875E-09
8348.999, -638.500, 3.8677978515625E-09
8348.499, -639.000, 3.868408203125E-09
8347.999, -639.500, 3.868408203125E-09
8347.499, -640.000, 3.86688232421875E-09
8346.999, -640.500, 3.86688232421875E-09
8346.499, -641.000, 3.86871337890625E-09
8345.999, -641.500, 3.86810302734375E-09
8345.499, -642.000, 3.86688232421875E-09
8344.999, -642.500, 3.86749267578125E-09
8344.499, -643.000, 3.86810302734375E-09
8343.999, -643.500, 3.86688232421875E-09
8343.499, -644.000, 3.86688232421875E-09
8342.999, -644.500, 3.8665771484375E-09
8342.499, -645.000, 3.868408203125E-09
8341.999, -645.500, 3.8677978515625E-09
8341.499, -646.000, 3.8671875E-09
8340.999, -646.500, 3.8665771484375E-09
8340.499, -647.000, 3.86749267578125E-09
8339.999, -647.500, 3.86688232421875E-09
8339.499, -648.000, 3.86566162109375E-09
8338.999, -648.500, 3.86688232421875E-09
8338.499, -649.000, 3.86627197265625E-09
8337.999, -649.500, 3.86749267578125E-09
8337.499, -650.000, 3.86749267578125E-09
8336.999, -650.500, 3.8653564453125E-09
8336.499, -651.000, 3.86566162109375E-09
8335.999, -651.500, 3.8653564453125E-09
8335.499, -652.000, 3.8671875E-09
8334.999, -652.500, 3.8653564453125E-09
8334.499, -653.000, 3.865966796875E-09
8333.999, -653.500, 3.865966796875E-09
8333.499, -654.000, 3.8665771484375E-09
8332.999, -654.500, 3.86505126953125E-09
8332.499, -655.000, 3.86566162109375E-09
8331.999, -655.500, 3.86505126953125E-09
8331.499, -656.000, 3.86474609375E-09
8330.999, -656.500, 3.86444091796875E-09
8330.499, -657.000, 3.8641357421875E-09
8329.999, -657.500, 3.86566162109375E-09
8329.499, -658.000, 3.86474609375E-09
8328.999, -658.500, 3.863525390625E-09
8328.499, -659.000, 3.86474609375E-09
8327.999, -659.500, 3.86444091796875E-09
8327.499, -660.000, 3.86444091796875E-09
8326.999, -660.500, 3.8653564453125E-09
8326.499, -661.000, 3.863525390625E-09
8325.999, -661.500, 3.86322021484375E-09
8325.499, -662.000, 3.86444091796875E-09
8324.999, -662.500, 3.86444091796875E-09
8324.499, -663.000, 3.8629150390625E-09
8323.999, -663.500, 3.86322021484375E-09
8323.499, -664.000, 3.86322021484375E-09
8322.999, -664.500, 3.8641357421875E-09
8322.499, -665.000, 3.863525390625E-09
8321.999, -665.500, 3.8623046875E-09
8321.499, -666.000, 3.86260986328125E-09
8320.999, -666.500, 3.8629150390625E-09
8320.499, -667.000, 3.86138916015625E-09
8319.999, -667.500, 3.8623046875E-09
8319.499, -668.000, 3.86199951171875E-09
8318.999, -668.500, 3.86260986328125E-09
8318.499, -669.000, 3.8616943359375E-09
8317.999, -669.500, 3.861083984375E-09
8317.499, -670.000, 3.8616943359375E-09
8316.999, -670.500, 3.86138916015625E-09
8316.499, -671.000, 3.86077880859375E-09
8315.999, -671.500, 3.86016845703125E-09
8315.499, -672.000, 3.86077880859375E-09
8314.999, -672.500, 3.8604736328125E-09
8314.499, -673.000, 3.86016845703125E-09
8313.999, -673.500, 3.85986328125E-09
8313.499, -674.000, 3.85894775390625E-09
8312.999, -674.500, 3.85955810546875E-09
8312.499, -675.000, 3.85955810546875E-09
8311.999, -675.500, 3.85894775390625E-09
8311.499, -676.000, 3.85833740234375E-09
8310.999, -676.500, 3.85833740234375E-09
8310.499, -677.000, 3.8580322265625E-09
8309.999, -677.500, 3.8592529296875E-09
8309.499, -678.000, 3.858642578125E-09
8308.999, -678.500, 3.85772705078125E-09
8308.499, -679.000, 3.85711669921875E-09
8307.999, -679.500, 3.85711669921875E-09
8307.499, -680.000, 3.85650634765625E-09
8306.999, -680.500, 3.8568115234375E-09
8306.499, -681.000, 3.85711669921875E-09
8305.999, -681.500, 3.85650634765625E-09
8305.499, -682.000, 3.8555908203125E-09
8304.999, -682.500, 3.8555908203125E-09
8304.499, -683.000, 3.85498046875E-09
8303.999, -683.500, 3.8555908203125E-09
8303.499, -684.000, 3.85498046875E-09
8302.999, -684.500, 3.85345458984375E-09
8302.499, -685.000, 3.85467529296875E-09
8301.999, -685.500, 3.85406494140625E-09
8301.499, -686.000, 3.85406494140625E-09
8300.999, -686.500, 3.85406494140625E-09
8300.499, -687.000, 3.85345458984375E-09
8299.999, -687.500, 3.851318359375E-09
8299.499, -688.000, 3.85345458984375E-09
8298.999, -688.500, 3.85284423828125E-09
8298.499, -689.000, 3.8519287109375E-09
8297.999, -689.500, 3.851318359375E-09
8297.499, -690.000, 3.85162353515625E-09
8296.999, -690.500, 3.85101318359375E-09
8296.499, -691.000, 3.85101318359375E-09
8295.999, -691.500, 3.85009765625E-09
8295.499, -692.000, 3.84979248046875E-09
8294.999, -692.500, 3.84979248046875E-09
8294.499, -693.000, 3.84979248046875E-09
8293.999, -693.500, 3.84979248046875E-09
8293.499, -694.000, 3.8494873046875E-09
8292.999, -694.500, 3.84857177734375E-09
8292.499, -695.000, 3.8482666015625E-09
8291.999, -695.500, 3.8482666015625E-09
8291.499, -696.000, 3.8482666015625E-09
8290.999, -696.500, 3.84796142578125E-09
8290.499, -697.000, 3.84735107421875E-09
8289.999, -697.500, 3.84735107421875E-09
8289.499, -698.000, 3.84735107421875E-09
8288.999, -698.500, 3.846435546875E-09
8288.499, -699.000, 3.84613037109375E-09
8287.999, -699.500, 3.84735107421875E-09
8287.499, -700.000, 3.84552001953125E-09
8286.999, -700.500, 3.84521484375E-09
8286.499, -701.000, 3.8458251953125E-09
8285.999, -701.500, 3.84490966796875E-09
8285.499, -702.000, 3.8446044921875E-09
8284.999, -702.500, 3.84490966796875E-09
8284.499, -703.000, 3.843994140625E-09
8283.999, -703.500, 3.8446044921875E-09
8283.499, -704.000, 3.84368896484375E-09
8282.999, -704.500, 3.84368896484375E-09
8282.499, -705.000, 3.84307861328125E-09
8281.999, -705.500, 3.84368896484375E-09
8281.499, -706.000, 3.84185791015625E-09
8280.999, -706.500, 3.84246826171875E-09
8280.499, -707.000, 3.84185791015625E-09
8279.999, -707.500, 3.8427734375E-09
8279.499, -708.000, 3.8421630859375E-09
8278.999, -708.500, 3.84124755859375E-09
8278.499, -709.000, 3.8421630859375E-09
8277.999, -709.500, 3.841552734375E-09
8277.499, -710.000, 3.84063720703125E-09
8276.999, -710.500, 3.84063720703125E-09
8276.499, -711.000, 3.8397216796875E-09
8275.999, -711.500, 3.84063720703125E-09
8275.499, -712.000, 3.839111328125E-09
8274.999, -712.500, 3.83941650390625E-09
8274.499, -713.000, 3.8397216796875E-09
8273.999, -713.500, 3.8397216796875E-09
8273.499, -714.000, 3.84002685546875E-09
8272.999, -714.500, 3.8385009765625E-09
8272.499, -715.000, 3.8385009765625E-09
8271.999, -715.500, 3.8385009765625E-09
8271.499, -716.000, 3.83880615234375E-09
8270.999, -716.500, 3.839111328125E-09
8270.499, -717.000, 3.83819580078125E-09
8269.999, -717.500, 3.8372802734375E-09
8269.499, -718.000, 3.8372802734375E-09
8268.999, -718.500, 3.836669921875E-09
8268.499, -719.000, 3.83819580078125E-09
8267.999, -719.500, 3.8360595703125E-09
8267.499, -720.000, 3.836669921875E-09
8266.999, -720.500, 3.83636474609375E-09
8266.499, -721.000, 3.8360595703125E-09
8265.999, -721.500, 3.8360595703125E-09
8265.499, -722.000, 3.83544921875E-09
8264.999, -722.500, 3.83544921875E-09
8264.499, -723.000, 3.83514404296875E-09
8263.999, -723.500, 3.8360595703125E-09
8263.499, -724.000, 3.83331298828125E-09
8262.999, -724.500, 3.8348388671875E-09
8262.499, -725.000, 3.8348388671875E-09
8261.999, -725.500, 3.83514404296875E-09
8261.499, -726.000, 3.83392333984375E-09
8260.999, -726.500, 3.83331298828125E-09
8260.499, -727.000, 3.8323974609375E-09
8259.999, -727.500, 3.8330078125E-09
8259.499, -728.000, 3.8336181640625E-09
8258.999, -728.500, 3.8330078125E-09
8258.499, -729.000, 3.8323974609375E-09
8257.999, -729.500, 3.83148193359375E-09
8257.499, -730.000, 3.83209228515625E-09
8256.999, -730.500, 3.8336181640625E-09
8256.499, -731.000, 3.831787109375E-09
8255.999, -731.500, 3.83087158203125E-09
8255.499, -732.000, 3.83148193359375E-09
8254.999, -732.500, 3.83148193359375E-09
8254.499, -733.000, 3.8311767578125E-09
8253.999, -733.500, 3.82965087890625E-09
8253.499, -734.000, 3.8311767578125E-09
8252.999, -734.500, 3.83148193359375E-09
8252.499, -735.000, 3.83056640625E-09
8251.999, -735.500, 3.8299560546875E-09
8251.499, -736.000, 3.829345703125E-09
8250.999, -736.500, 3.82904052734375E-09
8250.499, -737.000, 3.829345703125E-09
8249.999, -737.500, 3.8287353515625E-09
8249.499, -738.000, 3.82843017578125E-09
8248.999, -738.500, 3.828125E-09
8248.499, -739.000, 3.82904052734375E-09
8247.999, -739.500, 3.828125E-09
8247.499, -740.000, 3.826904296875E-09
8246.999, -740.500, 3.828125E-09
8246.499, -741.000, 3.82781982421875E-09
8245.999, -741.500, 3.82720947265625E-09
8245.499, -742.000, 3.8275146484375E-09
8244.999, -742.500, 3.8275146484375E-09
8244.499, -743.000, 3.82720947265625E-09
8243.999, -743.500, 3.826904296875E-09
8243.499, -744.000, 3.82598876953125E-09
8242.999, -744.500, 3.82659912109375E-09
8242.499, -745.000, 3.82720947265625E-09
8241.999, -745.500, 3.8262939453125E-09
8241.499, -746.000, 3.8250732421875E-09
8240.999, -746.500, 3.82568359375E-09
8240.499, -747.000, 3.82476806640625E-09
8239.999, -747.500, 3.82537841796875E-09
8239.499, -748.000, 3.8250732421875E-09
8238.999, -748.500, 3.824462890625E-09
8238.499, -749.000, 3.82354736328125E-09
8237.999, -749.500, 3.82476806640625E-09
8237.499, -750.000, 3.82293701171875E-09
8236.999, -750.500, 3.8250732421875E-09
8236.499, -751.000, 3.82476806640625E-09
8235.999, -751.500, 3.8232421875E-09
8235.499, -752.000, 3.8232421875E-09
8234.999, -752.500, 3.82171630859375E-09
8234.499, -753.000, 3.82293701171875E-09
8233.999, -753.500, 3.82232666015625E-09
8233.499, -754.000, 3.822021484375E-09
8232.999, -754.500, 3.8214111328125E-09
8232.499, -755.000, 3.82080078125E-09
8231.999, -755.500, 3.82110595703125E-09
8231.499, -756.000, 3.82110595703125E-09
8230.999, -756.500, 3.82110595703125E-09
8230.499, -757.000, 3.8201904296875E-09
8229.999, -757.500, 3.82049560546875E-09
8229.499, -758.000, 3.81988525390625E-09
8228.999, -758.500, 3.82049560546875E-09
8228.499, -759.000, 3.81927490234375E-09
8227.999, -759.500, 3.8201904296875E-09
8227.499, -760.000, 3.81927490234375E-09
8226.999, -760.500, 3.81927490234375E-09
8226.499, -761.000, 3.82080078125E-09
8225.999, -761.500, 3.81866455078125E-09
8225.499, -762.000, 3.818359375E-09
8224.999, -762.500, 3.81927490234375E-09
8224.499, -763.000, 3.81866455078125E-09
8223.999, -763.500, 3.818359375E-09
8223.499, -764.000, 3.81744384765625E-09
8222.999, -764.500, 3.818359375E-09
8222.499, -765.000, 3.81744384765625E-09
8221.999, -765.500, 3.8177490234375E-09
8221.499, -766.000, 3.81744384765625E-09
8220.999, -766.500, 3.8177490234375E-09
8220.499, -767.000, 3.81744384765625E-09
8219.999, -767.500, 3.81683349609375E-09
8219.499, -768.000, 3.81683349609375E-09
8218.999, -768.500, 3.81744384765625E-09
8218.499, -769.000, 3.81622314453125E-09
8217.999, -769.500, 3.8165283203125E-09
8217.499, -770.000, 3.81561279296875E-09
8216.999, -770.500, 3.81561279296875E-09
8216.499, -771.000, 3.81561279296875E-09
8215.999, -771.500, 3.81500244140625E-09
8215.499, -772.000, 3.81500244140625E-09
8214.999, -772.500, 3.814697265625E-09
8214.499, -773.000, 3.81378173828125E-09
8213.999, -773.500, 3.81378173828125E-09
8213.499, -774.000, 3.814697265625E-09
8212.999, -774.500, 3.814697265625E-09
8212.499, -775.000, 3.81378173828125E-09
8211.999, -775.500, 3.8128662109375E-09
8211.499, -776.000, 3.81317138671875E-09
8210.999, -776.500, 3.814697265625E-09
8210.499, -777.000, 3.81317138671875E-09
8209.999, -777.500, 3.81195068359375E-09
8209.499, -778.000, 3.8128662109375E-09
8208.999, -778.500, 3.81317138671875E-09
8208.499, -779.000, 3.8128662109375E-09
8207.999, -779.500, 3.8116455078125E-09
8207.499, -780.000, 3.81195068359375E-09
8206.999, -780.500, 3.812255859375E-09
8206.499, -781.000, 3.81195068359375E-09
8205.999, -781.500, 3.8116455078125E-09
8205.499, -782.000, 3.8116455078125E-09
8204.999, -782.500, 3.8116455078125E-09
8204.499, -783.000, 3.81103515625E-09
8203.999, -783.500, 3.81103515625E-09
8203.499, -784.000, 3.809814453125E-09
8202.999, -784.500, 3.80950927734375E-09
8202.499, -785.000, 3.80950927734375E-09
8201.999, -785.500, 3.81011962890625E-09
8201.499, -786.000, 3.80950927734375E-09
8200.999, -786.500, 3.80889892578125E-09
8200.499, -787.000, 3.80828857421875E-09
8199.999, -787.500, 3.8092041015625E-09
8199.499, -788.000, 3.80767822265625E-09
8198.999, -788.500, 3.8079833984375E-09
8198.499, -789.000, 3.8092041015625E-09
8197.999, -789.500, 3.80828857421875E-09
8197.499, -790.000, 3.807373046875E-09
8196.999, -790.500, 3.807373046875E-09
8196.499, -791.000, 3.80767822265625E-09
8195.999, -791.500, 3.8067626953125E-09
8195.499, -792.000, 3.80645751953125E-09
8194.999, -792.500, 3.80615234375E-09
8194.499, -793.000, 3.80615234375E-09
8193.999, -793.500, 3.80615234375E-09
8193.499, -794.000, 3.80645751953125E-09
8192.999, -794.500, 3.80584716796875E-09
8192.499, -795.000, 3.8055419921875E-09
8191.999, -795.500, 3.8043212890625E-09
8191.499, -796.000, 3.8055419921875E-09
8190.999, -796.500, 3.80523681640625E-09
8190.499, -797.000, 3.8037109375E-09
8189.999, -797.500, 3.8031005859375E-09
8189.499, -798.000, 3.80340576171875E-09
8188.999, -798.500, 3.8037109375E-09
8188.499, -799.000, 3.8031005859375E-09
8187.999, -799.500, 3.80279541015625E-09
8187.499, -800.000, 3.8018798828125E-09
8186.999, -800.500, 3.80279541015625E-09
8186.499, -801.000, 3.8018798828125E-09
8185.999, -801.500, 3.80157470703125E-09
8185.499, -802.000, 3.80126953125E-09
8184.999, -802.500, 3.80126953125E-09
8184.499, -803.000, 3.8006591796875E-09
8183.999, -803.500, 3.80096435546875E-09
8183.499, -804.000, 3.8006591796875E-09
8182.999, -804.500, 3.79913330078125E-09
8182.499, -805.000, 3.80035400390625E-09
8181.999, -805.500, 3.79974365234375E-09
8181.499, -806.000, 3.7994384765625E-09
8180.999, -806.500, 3.79852294921875E-09
8180.499, -807.000, 3.7982177734375E-09
8179.999, -807.500, 3.79852294921875E-09
8179.499, -808.000, 3.7982177734375E-09
8178.999, -808.500, 3.79730224609375E-09
8178.499, -809.000, 3.79669189453125E-09
8177.999, -809.500, 3.79852294921875E-09
8177.499, -810.000, 3.79791259765625E-09
8176.999, -810.500, 3.79638671875E-09
8176.499, -811.000, 3.79608154296875E-09
8175.999, -811.500, 3.7957763671875E-09
8175.499, -812.000, 3.79486083984375E-09
8174.999, -812.500, 3.79608154296875E-09
8174.499, -813.000, 3.79486083984375E-09
8173.999, -813.500, 3.79425048828125E-09
8173.499, -814.000, 3.7933349609375E-09
8172.999, -814.500, 3.7939453125E-09
8172.499, -815.000, 3.79425048828125E-09
8171.999, -815.500, 3.79364013671875E-09
8171.499, -816.000, 3.79302978515625E-09
8170.999, -816.500, 3.7921142578125E-09
8170.499, -817.000, 3.792724609375E-09
8169.999, -817.500, 3.79302978515625E-09
8169.499, -818.000, 3.79150390625E-09
8168.999, -818.500, 3.790283203125E-09
8168.499, -819.000, 3.79058837890625E-09
8167.999, -819.500, 3.79150390625E-09
8167.499, -820.000, 3.78997802734375E-09
8166.999, -820.500, 3.7890625E-09
8166.499, -821.000, 3.78997802734375E-09
8165.999, -821.500, 3.78997802734375E-09
8165.499, -822.000, 3.7896728515625E-09
8164.999, -822.500, 3.787841796875E-09
8164.499, -823.000, 3.7884521484375E-09
8163.999, -823.500, 3.78875732421875E-09
8163.499, -824.000, 3.7884521484375E-09
8162.999, -824.500, 3.78814697265625E-09
8162.499, -825.000, 3.7860107421875E-09
8161.999, -825.500, 3.78570556640625E-09
8161.499, -826.000, 3.78631591796875E-09
8160.999, -826.500, 3.78570556640625E-09
8160.499, -827.000, 3.785400390625E-09
8159.999, -827.500, 3.7847900390625E-09
8159.499, -828.000, 3.7841796875E-09
8158.999, -828.500, 3.78387451171875E-09
8158.499, -829.000, 3.7835693359375E-09
8157.999, -829.500, 3.782958984375E-09
8157.499, -830.000, 3.78326416015625E-09
8156.999, -830.500, 3.7823486328125E-09
8156.499, -831.000, 3.78265380859375E-09
8155.999, -831.500, 3.78143310546875E-09
8155.499, -832.000, 3.78173828125E-09
8154.999, -832.500, 3.78082275390625E-09
8154.499, -833.000, 3.780517578125E-09
8153.999, -833.500, 3.77960205078125E-09
8153.499, -834.000, 3.77838134765625E-09
8152.999, -834.500, 3.77899169921875E-09
8152.499, -835.000, 3.77899169921875E-09
8151.999, -835.500, 3.77838134765625E-09
8151.499, -836.000, 3.7774658203125E-09
8150.999, -836.500, 3.7774658203125E-09
8150.499, -837.000, 3.77777099609375E-09
8149.999, -837.500, 3.77716064453125E-09
8149.499, -838.000, 3.77655029296875E-09
8148.999, -838.500, 3.77593994140625E-09
8148.499, -839.000, 3.77532958984375E-09
8147.999, -839.500, 3.77471923828125E-09
8147.499, -840.000, 3.7750244140625E-09
8146.999, -840.500, 3.7744140625E-09
8146.499, -841.000, 3.77349853515625E-09
8145.999, -841.500, 3.773193359375E-09
8145.499, -842.000, 3.773193359375E-09
8144.999, -842.500, 3.7725830078125E-09
8144.499, -843.000, 3.7713623046875E-09
8143.999, -843.500, 3.7713623046875E-09
8143.499, -844.000, 3.7713623046875E-09
8142.999, -844.500, 3.77105712890625E-09
8142.499, -845.000, 3.76861572265625E-09
8141.999, -845.500, 3.76861572265625E-09
8141.499, -846.000, 3.76983642578125E-09
8140.999, -846.500, 3.76861572265625E-09
8140.499, -847.000, 3.7689208984375E-09
8139.999, -847.500, 3.76800537109375E-09
8139.499, -848.000, 3.76678466796875E-09
8138.999, -848.500, 3.76678466796875E-09
8138.499, -849.000, 3.76617431640625E-09
8137.999, -849.500, 3.7652587890625E-09
8137.499, -850.000, 3.76556396484375E-09
8136.999, -850.500, 3.7652587890625E-09
8136.499, -851.000, 3.76434326171875E-09
8135.999, -851.500, 3.7640380859375E-09
8135.499, -852.000, 3.76495361328125E-09
8134.999, -852.500, 3.76251220703125E-09
8134.499, -853.000, 3.76220703125E-09
8133.999, -853.500, 3.76129150390625E-09
8133.499, -854.000, 3.760986328125E-09
8132.999, -854.500, 3.76007080078125E-09
8132.499, -855.000, 3.75946044921875E-09
8131.999, -855.500, 3.7603759765625E-09
8131.499, -856.000, 3.75946044921875E-09
8130.999, -856.500, 3.75885009765625E-09
8130.499, -857.000, 3.75823974609375E-09
8129.999, -857.500, 3.75701904296875E-09
8129.499, -858.000, 3.7567138671875E-09
8128.999, -858.500, 3.75640869140625E-09
8128.499, -859.000, 3.7567138671875E-09
8127.999, -859.500, 3.75518798828125E-09
8127.499, -860.000, 3.75457763671875E-09
8126.999, -860.500, 3.7542724609375E-09
8126.499, -861.000, 3.753662109375E-09
8125.999, -861.500, 3.75213623046875E-09
8125.499, -862.000, 3.75213623046875E-09
8124.999, -862.500, 3.75274658203125E-09
8124.499, -863.000, 3.75030517578125E-09
8123.999, -863.500, 3.7506103515625E-09
8123.499, -864.000, 3.7493896484375E-09
8122.999, -864.500, 3.74969482421875E-09
8122.499, -865.000, 3.7493896484375E-09
8121.999, -865.500, 3.7481689453125E-09
8121.499, -866.000, 3.74786376953125E-09
8120.999, -866.500, 3.74664306640625E-09
8120.499, -867.000, 3.746337890625E-09
8119.999, -867.500, 3.74664306640625E-09
8119.499, -868.000, 3.74542236328125E-09
8118.999, -868.500, 3.7432861328125E-09
8118.499, -869.000, 3.74359130859375E-09
8117.999, -869.500, 3.74359130859375E-09
8117.499, -870.000, 3.7432861328125E-09
8116.999, -870.500, 3.74237060546875E-09
8116.499, -871.000, 3.74114990234375E-09
8115.999, -871.500, 3.74114990234375E-09
8115.499, -872.000, 3.73992919921875E-09
8114.999, -872.500, 3.73931884765625E-09
8114.499, -873.000, 3.739013671875E-09
8113.999, -873.500, 3.73809814453125E-09
8113.499, -874.000, 3.73779296875E-09
8112.999, -874.500, 3.736572265625E-09
8112.499, -875.000, 3.73565673828125E-09
8111.999, -875.500, 3.7359619140625E-09
8111.499, -876.000, 3.73504638671875E-09
8110.999, -876.500, 3.73443603515625E-09
8110.499, -877.000, 3.73321533203125E-09
8109.999, -877.500, 3.73138427734375E-09
8109.499, -878.000, 3.7322998046875E-09
8108.999, -878.500, 3.7310791015625E-09
8108.499, -879.000, 3.73016357421875E-09
8107.999, -879.500, 3.72955322265625E-09
8107.499, -880.000, 3.729248046875E-09
8106.999, -880.500, 3.7286376953125E-09
8106.499, -881.000, 3.72802734375E-09
8105.999, -881.500, 3.7274169921875E-09
8105.499, -882.000, 3.72650146484375E-09
8104.999, -882.500, 3.72589111328125E-09
8104.499, -883.000, 3.7255859375E-09
8103.999, -883.500, 3.72406005859375E-09
8103.499, -884.000, 3.72283935546875E-09
8102.999, -884.500, 3.7225341796875E-09
8102.499, -885.000, 3.7225341796875E-09
8101.999, -885.500, 3.72100830078125E-09
8101.499, -886.000, 3.719482421875E-09
8100.999, -886.500, 3.71856689453125E-09
8100.499, -887.000, 3.71795654296875E-09
8099.999, -887.500, 3.717041015625E-09
8099.499, -888.000, 3.717041015625E-09
8098.999, -888.500, 3.71673583984375E-09
8098.499, -889.000, 3.71429443359375E-09
8097.999, -889.500, 3.71337890625E-09
8097.499, -890.000, 3.7127685546875E-09
8096.999, -890.500, 3.71246337890625E-09
8096.499, -891.000, 3.7115478515625E-09
8095.999, -891.500, 3.71002197265625E-09
8095.499, -892.000, 3.70819091796875E-09
8094.999, -892.500, 3.70819091796875E-09
8094.499, -893.000, 3.70819091796875E-09
8093.999, -893.500, 3.70697021484375E-09
8093.499, -894.000, 3.7060546875E-09
8092.999, -894.500, 3.70513916015625E-09
8092.499, -895.000, 3.70361328125E-09
8091.999, -895.500, 3.7030029296875E-09
8091.499, -896.000, 3.70208740234375E-09
8090.999, -896.500, 3.70147705078125E-09
8090.499, -897.000, 3.70025634765625E-09
8089.999, -897.500, 3.69903564453125E-09
8089.499, -898.000, 3.69781494140625E-09
8088.999, -898.500, 3.6968994140625E-09
8088.499, -899.000, 3.69598388671875E-09
8087.999, -899.500, 3.69476318359375E-09
8087.499, -900.000, 3.69476318359375E-09
8086.999, -900.500, 3.692626953125E-09
8086.499, -901.000, 3.69171142578125E-09
8085.999, -901.500, 3.68927001953125E-09
8085.499, -902.000, 3.690185546875E-09
8084.999, -902.500, 3.68804931640625E-09
8084.499, -903.000, 3.68682861328125E-09
8083.999, -903.500, 3.68682861328125E-09
8083.499, -904.000, 3.685302734375E-09
8082.999, -904.500, 3.68316650390625E-09
8082.499, -905.000, 3.682861328125E-09
8081.999, -905.500, 3.68072509765625E-09
8081.499, -906.000, 3.6798095703125E-09
8080.999, -906.500, 3.67889404296875E-09
8080.499, -907.000, 3.67767333984375E-09
8079.999, -907.500, 3.67706298828125E-09
8079.499, -908.000, 3.67462158203125E-09
8078.999, -908.500, 3.6737060546875E-09
8078.499, -909.000, 3.67279052734375E-09
8077.999, -909.500, 3.671875E-09
8077.499, -910.000, 3.6700439453125E-09
8076.999, -910.500, 3.668212890625E-09
8076.499, -911.000, 3.6669921875E-09
8075.999, -911.500, 3.66668701171875E-09
8075.499, -912.000, 3.6651611328125E-09
8074.999, -912.500, 3.6639404296875E-09
8074.499, -913.000, 3.66180419921875E-09
8073.999, -913.500, 3.65966796875E-09
8073.499, -914.000, 3.658447265625E-09
8072.999, -914.500, 3.65814208984375E-09
8072.499, -915.000, 3.65692138671875E-09
8071.999, -915.500, 3.65509033203125E-09
8071.499, -916.000, 3.6529541015625E-09
8070.999, -916.500, 3.65203857421875E-09
8070.499, -917.000, 3.6505126953125E-09
8069.999, -917.500, 3.64837646484375E-09
8069.499, -918.000, 3.64715576171875E-09
8068.999, -918.500, 3.64471435546875E-09
8068.499, -919.000, 3.6431884765625E-09
8067.999, -919.500, 3.641357421875E-09
8067.499, -920.000, 3.63983154296875E-09
8066.999, -920.500, 3.638916015625E-09
8066.499, -921.000, 3.63739013671875E-09
8065.999, -921.500, 3.63616943359375E-09
8065.499, -922.000, 3.63250732421875E-09
8064.999, -922.500, 3.631591796875E-09
8064.499, -923.000, 3.629150390625E-09
8063.999, -923.500, 3.6273193359375E-09
8063.499, -924.000, 3.62548828125E-09
8062.999, -924.500, 3.62335205078125E-09
8062.499, -925.000, 3.62152099609375E-09
8061.999, -925.500, 3.619384765625E-09
8061.499, -926.000, 3.61846923828125E-09
8060.999, -926.500, 3.61541748046875E-09
8060.499, -927.000, 3.61358642578125E-09
8059.999, -927.500, 3.6114501953125E-09
8059.499, -928.000, 3.60931396484375E-09
8058.999, -928.500, 3.60748291015625E-09
8058.499, -929.000, 3.6053466796875E-09
8057.999, -929.500, 3.60260009765625E-09
8057.499, -930.000, 3.6004638671875E-09
8056.999, -930.500, 3.5986328125E-09
8056.499, -931.000, 3.5968017578125E-09
8055.999, -931.500, 3.59375E-09
8055.499, -932.000, 3.59130859375E-09
8054.999, -932.500, 3.58856201171875E-09
8054.499, -933.000, 3.5858154296875E-09
8053.999, -933.500, 3.58428955078125E-09
8053.499, -934.000, 3.5809326171875E-09
8052.999, -934.500, 3.5791015625E-09
8052.499, -935.000, 3.5760498046875E-09
8051.999, -935.500, 3.57208251953125E-09
8051.499, -936.000, 3.56964111328125E-09
8050.999, -936.500, 3.568115234375E-09
8050.499, -937.000, 3.564453125E-09
8049.999, -937.500, 3.56231689453125E-09
8049.499, -938.000, 3.5589599609375E-09
8048.999, -938.500, 3.55499267578125E-09
8048.499, -939.000, 3.55316162109375E-09
8047.999, -939.500, 3.5504150390625E-09
8047.499, -940.000, 3.54705810546875E-09
8046.999, -940.500, 3.54400634765625E-09
8046.499, -941.000, 3.5394287109375E-09
8045.999, -941.500, 3.53668212890625E-09
8045.499, -942.000, 3.533935546875E-09
8044.999, -942.500, 3.5302734375E-09
8044.499, -943.000, 3.52630615234375E-09
8043.999, -943.500, 3.52264404296875E-09
8043.499, -944.000, 3.5198974609375E-09
8042.999, -944.500, 3.515625E-09
8042.499, -945.000, 3.51104736328125E-09
8041.999, -945.500, 3.507080078125E-09
8041.499, -946.000, 3.50311279296875E-09
8040.999, -946.500, 3.499755859375E-09
8040.499, -947.000, 3.494873046875E-09
8039.999, -947.500, 3.49090576171875E-09
8039.499, -948.000, 3.486328125E-09
8038.999, -948.500, 3.48175048828125E-09
8038.499, -949.000, 3.4771728515625E-09
8037.999, -949.500, 3.47320556640625E-09
8037.499, -950.000, 3.46893310546875E-09
8036.999, -950.500, 3.46405029296875E-09
8036.499, -951.000, 3.45855712890625E-09
8035.999, -951.500, 3.45367431640625E-09
8035.499, -952.000, 3.44940185546875E-09
8034.999, -952.500, 3.443603515625E-09
8034.499, -953.000, 3.4393310546875E-09
8033.999, -953.500, 3.43353271484375E-09
8033.499, -954.000, 3.42681884765625E-09
8032.999, -954.500, 3.42071533203125E-09
8032.499, -955.000, 3.41583251953125E-09
8031.999, -955.500, 3.4100341796875E-09
8031.499, -956.000, 3.4039306640625E-09
8030.999, -956.500, 3.39691162109375E-09
8030.499, -957.000, 3.39141845703125E-09
8029.999, -957.500, 3.3856201171875E-09
8029.499, -958.000, 3.37890625E-09
8028.999, -958.500, 3.3734130859375E-09
8028.499, -959.000, 3.36517333984375E-09
8027.999, -959.500, 3.35845947265625E-09
8027.499, -960.000, 3.3514404296875E-09
8026.999, -960.500, 3.343505859375E-09
8026.499, -961.000, 3.3355712890625E-09
8025.999, -961.500, 3.3270263671875E-09
8025.499, -962.000, 3.31878662109375E-09
8024.999, -962.500, 3.30963134765625E-09
8024.499, -963.000, 3.302001953125E-09
8023.999, -963.500, 3.29345703125E-09
8023.499, -964.000, 3.28399658203125E-09
8022.999, -964.500, 3.27423095703125E-09
8022.499, -965.000, 3.265380859375E-09
8021.999, -965.500, 3.25469970703125E-09
8021.499, -966.000, 3.24493408203125E-09
8020.999, -966.500, 3.23516845703125E-09
8020.499, -967.000, 3.22357177734375E-09
8019.999, -967.500, 3.21319580078125E-09
8019.499, -968.000, 3.203125E-09
8018.999, -968.500, 3.1915283203125E-09
8018.499, -969.000, 3.179931640625E-09
8017.999, -969.500, 3.167724609375E-09
8017.499, -970.000, 3.15704345703125E-09
8016.999, -970.500, 3.1451416015625E-09
8016.499, -971.000, 3.1317138671875E-09
8015.999, -971.500, 3.1170654296875E-09
8015.499, -972.000, 3.10272216796875E-09
8014.999, -972.500, 3.08807373046875E-09
8014.499, -973.000, 3.0731201171875E-09
8013.999, -973.500, 3.05908203125E-09
8013.499, -974.000, 3.04229736328125E-09
8012.999, -974.500, 3.02703857421875E-09
8012.499, -975.000, 3.009033203125E-09
8011.999, -975.500, 2.99224853515625E-09
8011.499, -976.000, 2.9736328125E-09
8010.999, -976.500, 2.95654296875E-09
8010.499, -977.000, 2.93792724609375E-09
8009.999, -977.500, 2.91900634765625E-09
8009.499, -978.000, 2.89825439453125E-09
8008.999, -978.500, 2.8790283203125E-09
8008.499, -979.000, 2.8594970703125E-09
8007.999, -979.500, 2.83660888671875E-09
8007.499, -980.000, 2.81402587890625E-09
8006.999, -980.500, 2.79052734375E-09
8006.499, -981.000, 2.76458740234375E-09
8005.999, -981.500, 2.7386474609375E-09
8005.499, -982.000, 2.71087646484375E-09
8004.999, -982.500, 2.68310546875E-09
8004.499, -983.000, 2.65289306640625E-09
8003.999, -983.500, 2.62298583984375E-09
8003.499, -984.000, 2.59124755859375E-09
8002.999, -984.500, 2.55859375E-09
8002.499, -985.000, 2.52471923828125E-09
8001.999, -985.500, 2.490234375E-09
8001.499, -986.000, 2.45513916015625E-09
8000.999, -986.500, 2.41851806640625E-09
8000.499, -987.000, 2.38250732421875E-09
7999.999, -987.500, 2.34466552734375E-09
7999.499, -988.000, 2.30438232421875E-09
7998.999, -988.500, 2.26470947265625E-09
7998.499, -989.000, 2.222900390625E-09
7997.999, -989.500, 2.1795654296875E-09
7997.499, -990.000, 2.1337890625E-09
7996.999, -990.500, 2.086181640625E-09
7996.499, -991.000, 2.034912109375E-09
7995.999, -991.500, 1.98028564453125E-09
7995.499, -992.000, 1.923828125E-09
7994.999, -992.500, 1.86798095703125E-09
7994.499, -993.000, 1.80999755859375E-09
7993.999, -993.500, 1.751708984375E-09
7993.499, -994.000, 1.6888427734375E-09
7992.999, -994.500, 1.62384033203125E-09
7992.499, -995.000, 1.5570068359375E-09
7991.999, -995.500, 1.48773193359375E-09
7991.499, -996.000, 1.41815185546875E-09
7990.999, -996.500, 1.3458251953125E-09
7990.499, -997.000, 1.2701416015625E-09
7989.999, -997.500, 1.1956787109375E-09
7989.499, -998.000, 1.12091064453125E-09
7988.999, -998.500, 1.04217529296875E-09
7988.499, -999.000, 9.6099853515625E-10
7987.999, -999.500, 8.7677001953125E-10
7987.499, -1000.000, 7.9010009765625E-10
7986.999, -1000.500, 7.025146484375E-10
7986.499, -1001.000, 6.329345703125E-10
7985.999, -1001.500, 5.84716796875E-10
7985.499, -1002.000, 5.5511474609375E-10
7984.999, -1002.500, 5.35888671875E-10
7984.499, -1003.000, 5.2337646484375E-10
7983.999, -1003.500, 5.126953125E-10
7983.499, -1004.000, 5.0689697265625E-10
7982.999, -1004.500, 5.010986328125E-10
7982.499, -1005.000, 4.974365234375E-10
7981.999, -1005.500, 4.9407958984375E-10
7981.499, -1006.000, 4.9041748046875E-10
7980.999, -1006.500, 4.8797607421875E-10
7980.499, -1007.000, 4.852294921875E-10
7979.999, -1007.500, 4.827880859375E-10
7979.499, -1008.000, 4.815673828125E-10
7978.999, -1008.500, 4.8065185546875E-10
7978.499, -1009.000, 4.7882080078125E-10
7977.999, -1009.500, 4.77294921875E-10
7977.499, -1010.000, 4.7637939453125E-10
7976.999, -1010.500, 4.7454833984375E-10
7976.499, -1011.000, 4.736328125E-10
7975.999, -1011.500, 4.7271728515625E-10
7975.499, -1012.000, 4.7119140625E-10
7974.999, -1012.500, 4.7027587890625E-10
7974.499, -1013.000, 4.693603515625E-10
7973.999, -1013.500, 4.6844482421875E-10
7973.499, -1014.000, 4.6722412109375E-10
7972.999, -1014.500, 4.6661376953125E-10
7972.499, -1015.000, 4.6478271484375E-10
