# Sensolytics: 3.12
# Line Scan
# Warning: the data-format is using a '.' as decimal sign. German Windows-systems may have problems with this...
# Experiment started: 5/8/2025 4:15:28 PM
# Stepper motors position: X 12,629.400 µm; Y 9,891.000 µm; Z 8,246.999 µm
# Piezo controller position: X 0.000 µm; Y 100.000 µm; Z 100.000 µm
# Potentiostat: ECD Off
# Potential WE1 at start [V]: 0.400
# Potential WE2 at start: OCP
# Controller: PCIe LStep Express
# Axis: ZAxis
# Direction: Negative
# Way [µm]: 5000
# Max. Speed [µm/s]: 1
# Increment [µm]: 0.5
# Waiting Time [ms]: 0
# Stop Condition: Manual
# Position abs. [µm], Position rel. [µm], I WE1 [A]
8346.999, 0.000, 3.85528564453125E-09
8346.499, -0.500, 3.8482666015625E-09
8345.999, -1.000, 3.84490966796875E-09
8345.499, -1.500, 3.83697509765625E-09
8344.999, -2.000, 3.83636474609375E-09
8344.499, -2.500, 3.829345703125E-09
8343.999, -3.000, 3.82568359375E-09
8343.499, -3.500, 3.8232421875E-09
8342.999, -4.000, 3.819580078125E-09
8342.499, -4.500, 3.8165283203125E-09
8341.999, -5.000, 3.814697265625E-09
8341.499, -5.500, 3.8116455078125E-09
8340.999, -6.000, 3.81072998046875E-09
8340.499, -6.500, 3.8079833984375E-09
8339.999, -7.000, 3.80615234375E-09
8339.499, -7.500, 3.80523681640625E-09
8338.999, -8.000, 3.802490234375E-09
8338.499, -8.500, 3.80096435546875E-09
8337.999, -9.000, 3.800048828125E-09
8337.499, -9.500, 3.79913330078125E-09
8336.999, -10.000, 3.79669189453125E-09
8336.499, -10.500, 3.79730224609375E-09
8335.999, -11.000, 3.7945556640625E-09
8335.499, -11.500, 3.792724609375E-09
8334.999, -12.000, 3.7921142578125E-09
8334.499, -12.500, 3.7921142578125E-09
8333.999, -13.000, 3.79058837890625E-09
8333.499, -13.500, 3.7896728515625E-09
8332.999, -14.000, 3.78875732421875E-09
8332.499, -14.500, 3.78814697265625E-09
8331.999, -15.000, 3.78662109375E-09
8331.499, -15.500, 3.787841796875E-09
8330.999, -16.000, 3.78662109375E-09
8330.499, -16.500, 3.7860107421875E-09
8329.999, -17.000, 3.78448486328125E-09
8329.499, -17.500, 3.7841796875E-09
8328.999, -18.000, 3.78448486328125E-09
8328.499, -18.500, 3.78326416015625E-09
8327.999, -19.000, 3.78326416015625E-09
8327.499, -19.500, 3.78265380859375E-09
8326.999, -20.000, 3.78173828125E-09
8326.499, -20.500, 3.78082275390625E-09
8325.999, -21.000, 3.78326416015625E-09
8325.499, -21.500, 3.78143310546875E-09
8324.999, -22.000, 3.78143310546875E-09
8324.499, -22.500, 3.78021240234375E-09
8323.999, -23.000, 3.77960205078125E-09
8323.499, -23.500, 3.780517578125E-09
8322.999, -24.000, 3.780517578125E-09
8322.499, -24.500, 3.77899169921875E-09
8321.999, -25.000, 3.7786865234375E-09
8321.499, -25.500, 3.778076171875E-09
8320.999, -26.000, 3.77838134765625E-09
8320.499, -26.500, 3.77960205078125E-09
8319.999, -27.000, 3.7786865234375E-09
8319.499, -27.500, 3.77777099609375E-09
8318.999, -28.000, 3.77838134765625E-09
8318.499, -28.500, 3.779296875E-09
8317.999, -29.000, 3.77685546875E-09
8317.499, -29.500, 3.7774658203125E-09
8316.999, -30.000, 3.778076171875E-09
8316.499, -30.500, 3.77716064453125E-09
8315.999, -31.000, 3.77655029296875E-09
8315.499, -31.500, 3.77593994140625E-09
8314.999, -32.000, 3.77593994140625E-09
8314.499, -32.500, 3.7774658203125E-09
8313.999, -33.000, 3.7762451171875E-09
8313.499, -33.500, 3.775634765625E-09
8312.999, -34.000, 3.7744140625E-09
8312.499, -34.500, 3.775634765625E-09
8311.999, -35.000, 3.7744140625E-09
8311.499, -35.500, 3.77410888671875E-09
8310.999, -36.000, 3.7738037109375E-09
8310.499, -36.500, 3.7744140625E-09
8309.999, -37.000, 3.77349853515625E-09
8309.499, -37.500, 3.773193359375E-09
8308.999, -38.000, 3.7738037109375E-09
8308.499, -38.500, 3.77288818359375E-09
8307.999, -39.000, 3.77197265625E-09
8307.499, -39.500, 3.77166748046875E-09
8306.999, -40.000, 3.77197265625E-09
8306.499, -40.500, 3.76953125E-09
8305.999, -41.000, 3.77044677734375E-09
8305.499, -41.500, 3.76953125E-09
8304.999, -42.000, 3.76922607421875E-09
8304.499, -42.500, 3.768310546875E-09
8303.999, -43.000, 3.76739501953125E-09
8303.499, -43.500, 3.76708984375E-09
8302.999, -44.000, 3.7677001953125E-09
8302.499, -44.500, 3.76678466796875E-09
8301.999, -45.000, 3.7646484375E-09
8301.499, -45.500, 3.76495361328125E-09
8300.999, -46.000, 3.76312255859375E-09
8300.499, -46.500, 3.76312255859375E-09
8299.999, -47.000, 3.7628173828125E-09
8299.499, -47.500, 3.76220703125E-09
8298.999, -48.000, 3.76220703125E-09
8298.499, -48.500, 3.759765625E-09
8297.999, -49.000, 3.7603759765625E-09
8297.499, -49.500, 3.75885009765625E-09
8296.999, -50.000, 3.7591552734375E-09
8296.499, -50.500, 3.7591552734375E-09
8295.999, -51.000, 3.75701904296875E-09
8295.499, -51.500, 3.75732421875E-09
8294.999, -52.000, 3.75579833984375E-09
8294.499, -52.500, 3.7554931640625E-09
8293.999, -53.000, 3.75396728515625E-09
8293.499, -53.500, 3.75457763671875E-09
8292.999, -54.000, 3.753662109375E-09
8292.499, -54.500, 3.75213623046875E-09
8291.999, -55.000, 3.75152587890625E-09
8291.499, -55.500, 3.751220703125E-09
8290.999, -56.000, 3.7518310546875E-09
8290.499, -56.500, 3.75152587890625E-09
8289.999, -57.000, 3.75030517578125E-09
8289.499, -57.500, 3.7493896484375E-09
8288.999, -58.000, 3.748779296875E-09
8288.499, -58.500, 3.74847412109375E-09
8287.999, -59.000, 3.74847412109375E-09
8287.499, -59.500, 3.74664306640625E-09
8286.999, -60.000, 3.74755859375E-09
8286.499, -60.500, 3.74603271484375E-09
8285.999, -61.000, 3.74603271484375E-09
8285.499, -61.500, 3.74542236328125E-09
8284.999, -62.000, 3.7451171875E-09
8284.499, -62.500, 3.743896484375E-09
8283.999, -63.000, 3.74420166015625E-09
8283.499, -63.500, 3.74267578125E-09
8282.999, -64.000, 3.741455078125E-09
8282.499, -64.500, 3.74237060546875E-09
8281.999, -65.000, 3.741455078125E-09
8281.499, -65.500, 3.741455078125E-09
8280.999, -66.000, 3.7408447265625E-09
8280.499, -66.500, 3.74053955078125E-09
8279.999, -67.000, 3.739013671875E-09
8279.499, -67.500, 3.73931884765625E-09
8278.999, -68.000, 3.739013671875E-09
8278.499, -68.500, 3.739013671875E-09
8277.999, -69.000, 3.73748779296875E-09
8277.499, -69.500, 3.73931884765625E-09
8276.999, -70.000, 3.739013671875E-09
8276.499, -70.500, 3.73809814453125E-09
8275.999, -71.000, 3.73687744140625E-09
8275.499, -71.500, 3.73687744140625E-09
8274.999, -72.000, 3.73626708984375E-09
8274.499, -72.500, 3.73626708984375E-09
8273.999, -73.000, 3.736572265625E-09
8273.499, -73.500, 3.73687744140625E-09
8272.999, -74.000, 3.7353515625E-09
8272.499, -74.500, 3.73504638671875E-09
8271.999, -75.000, 3.73626708984375E-09
8271.499, -75.500, 3.7353515625E-09
8270.999, -76.000, 3.7359619140625E-09
8270.499, -76.500, 3.73382568359375E-09
8269.999, -77.000, 3.73321533203125E-09
8269.499, -77.500, 3.7335205078125E-09
8268.999, -78.000, 3.73291015625E-09
8268.499, -78.500, 3.73382568359375E-09
8267.999, -79.000, 3.7335205078125E-09
8267.499, -79.500, 3.73321533203125E-09
8266.999, -80.000, 3.7322998046875E-09
8266.499, -80.500, 3.73443603515625E-09
8265.999, -81.000, 3.7335205078125E-09
8265.499, -81.500, 3.73260498046875E-09
8264.999, -82.000, 3.73260498046875E-09
8264.499, -82.500, 3.73321533203125E-09
8263.999, -83.000, 3.73260498046875E-09
8263.499, -83.500, 3.73199462890625E-09
8262.999, -84.000, 3.73291015625E-09
8262.499, -84.500, 3.73260498046875E-09
8261.999, -85.000, 3.7310791015625E-09
8261.499, -85.500, 3.7322998046875E-09
8260.999, -86.000, 3.73291015625E-09
8260.499, -86.500, 3.7322998046875E-09
8259.999, -87.000, 3.73138427734375E-09
8259.499, -87.500, 3.73138427734375E-09
8258.999, -88.000, 3.7310791015625E-09
8258.499, -88.500, 3.7322998046875E-09
8257.999, -89.000, 3.73138427734375E-09
8257.499, -89.500, 3.73199462890625E-09
8256.999, -90.000, 3.73138427734375E-09
8256.499, -90.500, 3.73260498046875E-09
8255.999, -91.000, 3.73138427734375E-09
8255.499, -91.500, 3.73199462890625E-09
8254.999, -92.000, 3.731689453125E-09
8254.499, -92.500, 3.7310791015625E-09
8253.999, -93.000, 3.7322998046875E-09
8253.499, -93.500, 3.73138427734375E-09
8252.999, -94.000, 3.73321533203125E-09
8252.499, -94.500, 3.73291015625E-09
8251.999, -95.000, 3.73199462890625E-09
8251.499, -95.500, 3.73260498046875E-09
8250.999, -96.000, 3.734130859375E-09
8250.499, -96.500, 3.73382568359375E-09
8249.999, -97.000, 3.734130859375E-09
8249.499, -97.500, 3.73260498046875E-09
8248.999, -98.000, 3.73443603515625E-09
8248.499, -98.500, 3.73443603515625E-09
8247.999, -99.000, 3.7347412109375E-09
8247.499, -99.500, 3.7347412109375E-09
8246.999, -100.000, 3.7353515625E-09
8246.499, -100.500, 3.7353515625E-09
8245.999, -101.000, 3.7359619140625E-09
8245.499, -101.500, 3.7353515625E-09
8244.999, -102.000, 3.7371826171875E-09
8244.499, -102.500, 3.73870849609375E-09
8243.999, -103.000, 3.7371826171875E-09
8243.499, -103.500, 3.73809814453125E-09
8242.999, -104.000, 3.73870849609375E-09
8242.499, -104.500, 3.73992919921875E-09
8241.999, -105.000, 3.73992919921875E-09
8241.499, -105.500, 3.74114990234375E-09
8240.999, -106.000, 3.74176025390625E-09
8240.499, -106.500, 3.74267578125E-09
8239.999, -107.000, 3.7432861328125E-09
8239.499, -107.500, 3.74359130859375E-09
8238.999, -108.000, 3.7445068359375E-09
8238.499, -108.500, 3.7445068359375E-09
8237.999, -109.000, 3.74603271484375E-09
8237.499, -109.500, 3.7469482421875E-09
8236.999, -110.000, 3.74725341796875E-09
8236.499, -110.500, 3.7481689453125E-09
8235.999, -111.000, 3.74847412109375E-09
8235.499, -111.500, 3.74969482421875E-09
8234.999, -112.000, 3.75213623046875E-09
8234.499, -112.500, 3.75030517578125E-09
8233.999, -113.000, 3.75244140625E-09
8233.499, -113.500, 3.75335693359375E-09
8232.999, -114.000, 3.753662109375E-09
8232.499, -114.500, 3.753662109375E-09
8231.999, -115.000, 3.7542724609375E-09
8231.499, -115.500, 3.75701904296875E-09
8230.999, -116.000, 3.7567138671875E-09
8230.499, -116.500, 3.75579833984375E-09
8229.999, -117.000, 3.7579345703125E-09
8229.499, -117.500, 3.759765625E-09
8228.999, -118.000, 3.75946044921875E-09
8228.499, -118.500, 3.759765625E-09
8227.999, -119.000, 3.759765625E-09
8227.499, -119.500, 3.76190185546875E-09
8226.999, -120.000, 3.76068115234375E-09
8226.499, -120.500, 3.7615966796875E-09
8225.999, -121.000, 3.7615966796875E-09
8225.499, -121.500, 3.76129150390625E-09
8224.999, -122.000, 3.76220703125E-09
8224.499, -122.500, 3.763427734375E-09
8223.999, -123.000, 3.76220703125E-09
8223.499, -123.500, 3.76220703125E-09
8222.999, -124.000, 3.76251220703125E-09
8222.499, -124.500, 3.7628173828125E-09
8221.999, -125.000, 3.76312255859375E-09
8221.499, -125.500, 3.76373291015625E-09
8220.999, -126.000, 3.763427734375E-09
8220.499, -126.500, 3.7640380859375E-09
8219.999, -127.000, 3.7628173828125E-09
8219.499, -127.500, 3.76312255859375E-09
8218.999, -128.000, 3.7628173828125E-09
8218.499, -128.500, 3.76434326171875E-09
8217.999, -129.000, 3.763427734375E-09
8217.499, -129.500, 3.76312255859375E-09
8216.999, -130.000, 3.76190185546875E-09
8216.499, -130.500, 3.76220703125E-09
8215.999, -131.000, 3.76220703125E-09
8215.499, -131.500, 3.7615966796875E-09
8214.999, -132.000, 3.76220703125E-09
8214.499, -132.500, 3.76129150390625E-09
8213.999, -133.000, 3.7615966796875E-09
8213.499, -133.500, 3.76129150390625E-09
8212.999, -134.000, 3.7615966796875E-09
8212.499, -134.500, 3.7591552734375E-09
8211.999, -135.000, 3.7579345703125E-09
8211.499, -135.500, 3.75823974609375E-09
8210.999, -136.000, 3.75885009765625E-09
8210.499, -136.500, 3.75732421875E-09
8209.999, -137.000, 3.75762939453125E-09
8209.499, -137.500, 3.75701904296875E-09
8208.999, -138.000, 3.7567138671875E-09
8208.499, -138.500, 3.75701904296875E-09
8207.999, -139.000, 3.75701904296875E-09
8207.499, -139.500, 3.75579833984375E-09
8206.999, -140.000, 3.75518798828125E-09
8206.499, -140.500, 3.7548828125E-09
8205.999, -141.000, 3.753662109375E-09
8205.499, -141.500, 3.753662109375E-09
8204.999, -142.000, 3.75152587890625E-09
8204.499, -142.500, 3.75274658203125E-09
8203.999, -143.000, 3.7518310546875E-09
8203.499, -143.500, 3.751220703125E-09
8202.999, -144.000, 3.751220703125E-09
8202.499, -144.500, 3.751220703125E-09
8201.999, -145.000, 3.75E-09
8201.499, -145.500, 3.7493896484375E-09
8200.999, -146.000, 3.748779296875E-09
8200.499, -146.500, 3.74725341796875E-09
8199.999, -147.000, 3.7481689453125E-09
8199.499, -147.500, 3.7469482421875E-09
8198.999, -148.000, 3.74542236328125E-09
8198.499, -148.500, 3.746337890625E-09
8197.999, -149.000, 3.7445068359375E-09
8197.499, -149.500, 3.7445068359375E-09
8196.999, -150.000, 3.7451171875E-09
8196.499, -150.500, 3.7432861328125E-09
8195.999, -151.000, 3.74237060546875E-09
8195.499, -151.500, 3.74237060546875E-09
8194.999, -152.000, 3.74176025390625E-09
8194.499, -152.500, 3.7396240234375E-09
8193.999, -153.000, 3.7420654296875E-09
8193.499, -153.500, 3.73931884765625E-09
8192.999, -154.000, 3.73992919921875E-09
8192.499, -154.500, 3.7396240234375E-09
8191.999, -155.000, 3.73931884765625E-09
8191.499, -155.500, 3.73779296875E-09
8190.999, -156.000, 3.73748779296875E-09
8190.499, -156.500, 3.7359619140625E-09
8189.999, -157.000, 3.736572265625E-09
8189.499, -157.500, 3.73626708984375E-09
8188.999, -158.000, 3.73443603515625E-09
8188.499, -158.500, 3.7347412109375E-09
8187.999, -159.000, 3.73443603515625E-09
8187.499, -159.500, 3.734130859375E-09
8186.999, -160.000, 3.73199462890625E-09
8186.499, -160.500, 3.73077392578125E-09
8185.999, -161.000, 3.73138427734375E-09
8185.499, -161.500, 3.73046875E-09
8184.999, -162.000, 3.73046875E-09
8184.499, -162.500, 3.72833251953125E-09
8183.999, -163.000, 3.72894287109375E-09
8183.499, -163.500, 3.7274169921875E-09
8182.999, -164.000, 3.7274169921875E-09
8182.499, -164.500, 3.7261962890625E-09
8181.999, -165.000, 3.7274169921875E-09
8181.499, -165.500, 3.7274169921875E-09
8180.999, -166.000, 3.72589111328125E-09
8180.499, -166.500, 3.72528076171875E-09
8179.999, -167.000, 3.7255859375E-09
8179.499, -167.500, 3.724365234375E-09
8178.999, -168.000, 3.72314453125E-09
8178.499, -168.500, 3.721923828125E-09
8177.999, -169.000, 3.721923828125E-09
8177.499, -169.500, 3.72161865234375E-09
8176.999, -170.000, 3.72100830078125E-09
8176.499, -170.500, 3.72039794921875E-09
8175.999, -171.000, 3.7200927734375E-09
8175.499, -171.500, 3.71917724609375E-09
8174.999, -172.000, 3.71826171875E-09
8174.499, -172.500, 3.719482421875E-09
8173.999, -173.000, 3.71917724609375E-09
8173.499, -173.500, 3.71826171875E-09
8172.999, -174.000, 3.7188720703125E-09
8172.499, -174.500, 3.71612548828125E-09
8171.999, -175.000, 3.717041015625E-09
8171.499, -175.500, 3.7164306640625E-09
8170.999, -176.000, 3.71551513671875E-09
8170.499, -176.500, 3.714599609375E-09
8169.999, -177.000, 3.7152099609375E-09
8169.499, -177.500, 3.7139892578125E-09
8168.999, -178.000, 3.7139892578125E-09
8168.499, -178.500, 3.71337890625E-09
8167.999, -179.000, 3.7127685546875E-09
8167.499, -179.500, 3.71307373046875E-09
8166.999, -180.000, 3.71246337890625E-09
8166.499, -180.500, 3.712158203125E-09
8165.999, -181.000, 3.71185302734375E-09
8165.499, -181.500, 3.7103271484375E-09
8164.999, -182.000, 3.71124267578125E-09
8164.499, -182.500, 3.71002197265625E-09
8163.999, -183.000, 3.71307373046875E-09
8163.499, -183.500, 3.71063232421875E-09
8162.999, -184.000, 3.71002197265625E-09
8162.499, -184.500, 3.70819091796875E-09
8161.999, -185.000, 3.70758056640625E-09
8161.499, -185.500, 3.70849609375E-09
8160.999, -186.000, 3.70880126953125E-09
8160.499, -186.500, 3.70758056640625E-09
8159.999, -187.000, 3.70819091796875E-09
8159.499, -187.500, 3.7066650390625E-09
8158.999, -188.000, 3.70697021484375E-09
8158.499, -188.500, 3.7060546875E-09
8157.999, -189.000, 3.7060546875E-09
8157.499, -189.500, 3.707275390625E-09
8156.999, -190.000, 3.70697021484375E-09
8156.499, -190.500, 3.7060546875E-09
8155.999, -191.000, 3.70513916015625E-09
8155.499, -191.500, 3.7042236328125E-09
8154.999, -192.000, 3.7042236328125E-09
8154.499, -192.500, 3.704833984375E-09
8153.999, -193.000, 3.70391845703125E-09
8153.499, -193.500, 3.70361328125E-09
8152.999, -194.000, 3.70391845703125E-09
8152.499, -194.500, 3.70330810546875E-09
8151.999, -195.000, 3.70452880859375E-09
8151.499, -195.500, 3.70269775390625E-09
8150.999, -196.000, 3.70330810546875E-09
8150.499, -196.500, 3.702392578125E-09
8149.999, -197.000, 3.70391845703125E-09
8149.499, -197.500, 3.70147705078125E-09
8148.999, -198.000, 3.70269775390625E-09
8148.499, -198.500, 3.70269775390625E-09
8147.999, -199.000, 3.7005615234375E-09
8147.499, -199.500, 3.70086669921875E-09
8146.999, -200.000, 3.70086669921875E-09
8146.499, -200.500, 3.70147705078125E-09
8145.999, -201.000, 3.701171875E-09
8145.499, -201.500, 3.70147705078125E-09
8144.999, -202.000, 3.70147705078125E-09
8144.499, -202.500, 3.70025634765625E-09
8143.999, -203.000, 3.70086669921875E-09
8143.499, -203.500, 3.69842529296875E-09
8142.999, -204.000, 3.70330810546875E-09
8142.499, -204.500, 3.699951171875E-09
8141.999, -205.000, 3.70147705078125E-09
8141.499, -205.500, 3.7005615234375E-09
8140.999, -206.000, 3.7005615234375E-09
8140.499, -206.500, 3.6981201171875E-09
8139.999, -207.000, 3.69964599609375E-09
8139.499, -207.500, 3.70025634765625E-09
8138.999, -208.000, 3.6993408203125E-09
8138.499, -208.500, 3.69873046875E-09
8137.999, -209.000, 3.697509765625E-09
8137.499, -209.500, 3.6981201171875E-09
8136.999, -210.000, 3.70086669921875E-09
8136.499, -210.500, 3.69720458984375E-09
8135.999, -211.000, 3.6993408203125E-09
8135.499, -211.500, 3.70025634765625E-09
8134.999, -212.000, 3.6981201171875E-09
8134.499, -212.500, 3.697509765625E-09
8133.999, -213.000, 3.69873046875E-09
8133.499, -213.500, 3.69781494140625E-09
8132.999, -214.000, 3.69873046875E-09
8132.499, -214.500, 3.69720458984375E-09
8131.999, -215.000, 3.697509765625E-09
8131.499, -215.500, 3.69720458984375E-09
8130.999, -216.000, 3.69781494140625E-09
8130.499, -216.500, 3.697509765625E-09
8129.999, -217.000, 3.69659423828125E-09
8129.499, -217.500, 3.6981201171875E-09
8128.999, -218.000, 3.69659423828125E-09
8128.499, -218.500, 3.69659423828125E-09
8127.999, -219.000, 3.697509765625E-09
8127.499, -219.500, 3.6962890625E-09
8126.999, -220.000, 3.6962890625E-09
8126.499, -220.500, 3.6962890625E-09
8125.999, -221.000, 3.69720458984375E-09
8125.499, -221.500, 3.695068359375E-09
8124.999, -222.000, 3.69659423828125E-09
8124.499, -222.500, 3.69537353515625E-09
8123.999, -223.000, 3.6962890625E-09
8123.499, -223.500, 3.695068359375E-09
8122.999, -224.000, 3.6956787109375E-09
8122.499, -224.500, 3.69415283203125E-09
8121.999, -225.000, 3.6944580078125E-09
8121.499, -225.500, 3.695068359375E-09
8120.999, -226.000, 3.69537353515625E-09
8120.499, -226.500, 3.6956787109375E-09
8119.999, -227.000, 3.69537353515625E-09
8119.499, -227.500, 3.69293212890625E-09
8118.999, -228.000, 3.695068359375E-09
8118.499, -228.500, 3.69293212890625E-09
8117.999, -229.000, 3.6932373046875E-09
8117.499, -229.500, 3.69415283203125E-09
8116.999, -230.000, 3.69384765625E-09
8116.499, -230.500, 3.69293212890625E-09
8115.999, -231.000, 3.69415283203125E-09
8115.499, -231.500, 3.69354248046875E-09
8114.999, -232.000, 3.6920166015625E-09
8114.499, -232.500, 3.692626953125E-09
8113.999, -233.000, 3.69415283203125E-09
8113.499, -233.500, 3.692626953125E-09
8112.999, -234.000, 3.6932373046875E-09
8112.499, -234.500, 3.69354248046875E-09
8111.999, -235.000, 3.69110107421875E-09
8111.499, -235.500, 3.69293212890625E-09
8110.999, -236.000, 3.692626953125E-09
8110.499, -236.500, 3.6907958984375E-09
8109.999, -237.000, 3.6907958984375E-09
8109.499, -237.500, 3.69293212890625E-09
8108.999, -238.000, 3.69232177734375E-09
8108.499, -238.500, 3.69232177734375E-09
8107.999, -239.000, 3.69049072265625E-09
8107.499, -239.500, 3.6907958984375E-09
8106.999, -240.000, 3.69171142578125E-09
8106.499, -240.500, 3.69140625E-09
8105.999, -241.000, 3.69049072265625E-09
8105.499, -241.500, 3.68988037109375E-09
8104.999, -242.000, 3.69110107421875E-09
8104.499, -242.500, 3.68988037109375E-09
8103.999, -243.000, 3.690185546875E-09
8103.499, -243.500, 3.68927001953125E-09
8102.999, -244.000, 3.690185546875E-09
8102.499, -244.500, 3.69049072265625E-09
8101.999, -245.000, 3.6895751953125E-09
8101.499, -245.500, 3.690185546875E-09
8100.999, -246.000, 3.69049072265625E-09
8100.499, -246.500, 3.690185546875E-09
8099.999, -247.000, 3.68804931640625E-09
8099.499, -247.500, 3.68927001953125E-09
8098.999, -248.000, 3.6895751953125E-09
8098.499, -248.500, 3.6907958984375E-09
8097.999, -249.000, 3.68988037109375E-09
8097.499, -249.500, 3.68865966796875E-09
8096.999, -250.000, 3.68865966796875E-09
8096.499, -250.500, 3.68927001953125E-09
8095.999, -251.000, 3.68896484375E-09
8095.499, -251.500, 3.68896484375E-09
8094.999, -252.000, 3.6871337890625E-09
8094.499, -252.500, 3.687744140625E-09
8093.999, -253.000, 3.690185546875E-09
8093.499, -253.500, 3.6895751953125E-09
8092.999, -254.000, 3.68865966796875E-09
8092.499, -254.500, 3.68743896484375E-09
8091.999, -255.000, 3.68896484375E-09
8091.499, -255.500, 3.68865966796875E-09
8090.999, -256.000, 3.68804931640625E-09
8090.499, -256.500, 3.68743896484375E-09
8089.999, -257.000, 3.687744140625E-09
8089.499, -257.500, 3.68743896484375E-09
8088.999, -258.000, 3.68865966796875E-09
8088.499, -258.500, 3.6871337890625E-09
8087.999, -259.000, 3.6883544921875E-09
8087.499, -259.500, 3.68743896484375E-09
8086.999, -260.000, 3.68804931640625E-09
8086.499, -260.500, 3.68896484375E-09
8085.999, -261.000, 3.6883544921875E-09
8085.499, -261.500, 3.6883544921875E-09
8084.999, -262.000, 3.68927001953125E-09
8084.499, -262.500, 3.6883544921875E-09
8083.999, -263.000, 3.68743896484375E-09
8083.499, -263.500, 3.68743896484375E-09
8082.999, -264.000, 3.68927001953125E-09
8082.499, -264.500, 3.68804931640625E-09
8081.999, -265.000, 3.68743896484375E-09
8081.499, -265.500, 3.687744140625E-09
8080.999, -266.000, 3.68743896484375E-09
8080.499, -266.500, 3.68896484375E-09
8079.999, -267.000, 3.6883544921875E-09
8079.499, -267.500, 3.68896484375E-09
8078.999, -268.000, 3.687744140625E-09
8078.499, -268.500, 3.6865234375E-09
8077.999, -269.000, 3.6883544921875E-09
8077.499, -269.500, 3.6883544921875E-09
8076.999, -270.000, 3.68743896484375E-09
8076.499, -270.500, 3.68682861328125E-09
8075.999, -271.000, 3.68865966796875E-09
8075.499, -271.500, 3.690185546875E-09
8074.999, -272.000, 3.68743896484375E-09
8074.499, -272.500, 3.68682861328125E-09
8073.999, -273.000, 3.6871337890625E-09
8073.499, -273.500, 3.6883544921875E-09
8072.999, -274.000, 3.68743896484375E-09
8072.499, -274.500, 3.68621826171875E-09
8071.999, -275.000, 3.68804931640625E-09
8071.499, -275.500, 3.68743896484375E-09
8070.999, -276.000, 3.68743896484375E-09
8070.499, -276.500, 3.68988037109375E-09
8069.999, -277.000, 3.6883544921875E-09
8069.499, -277.500, 3.68682861328125E-09
8068.999, -278.000, 3.6895751953125E-09
8068.499, -278.500, 3.68896484375E-09
8067.999, -279.000, 3.6883544921875E-09
8067.499, -279.500, 3.687744140625E-09
8066.999, -280.000, 3.68927001953125E-09
8066.499, -280.500, 3.6883544921875E-09
8065.999, -281.000, 3.68804931640625E-09
8065.499, -281.500, 3.68927001953125E-09
8064.999, -282.000, 3.68927001953125E-09
8064.499, -282.500, 3.68896484375E-09
8063.999, -283.000, 3.6871337890625E-09
8063.499, -283.500, 3.6871337890625E-09
8062.999, -284.000, 3.6895751953125E-09
8062.499, -284.500, 3.68927001953125E-09
8061.999, -285.000, 3.68865966796875E-09
8061.499, -285.500, 3.68865966796875E-09
8060.999, -286.000, 3.690185546875E-09
8060.499, -286.500, 3.68927001953125E-09
8059.999, -287.000, 3.6883544921875E-09
8059.499, -287.500, 3.68896484375E-09
8058.999, -288.000, 3.68865966796875E-09
8058.499, -288.500, 3.68927001953125E-09
8057.999, -289.000, 3.68865966796875E-09
8057.499, -289.500, 3.68865966796875E-09
8056.999, -290.000, 3.6883544921875E-09
8056.499, -290.500, 3.68988037109375E-09
8055.999, -291.000, 3.68804931640625E-09
8055.499, -291.500, 3.68927001953125E-09
8054.999, -292.000, 3.68804931640625E-09
8054.499, -292.500, 3.68896484375E-09
8053.999, -293.000, 3.68927001953125E-09
8053.499, -293.500, 3.6883544921875E-09
8052.999, -294.000, 3.68927001953125E-09
8052.499, -294.500, 3.68927001953125E-09
8051.999, -295.000, 3.690185546875E-09
8051.499, -295.500, 3.6883544921875E-09
8050.999, -296.000, 3.68865966796875E-09
8050.499, -296.500, 3.68988037109375E-09
8049.999, -297.000, 3.687744140625E-09
8049.499, -297.500, 3.6883544921875E-09
8048.999, -298.000, 3.68865966796875E-09
8048.499, -298.500, 3.68804931640625E-09
8047.999, -299.000, 3.68988037109375E-09
8047.499, -299.500, 3.68927001953125E-09
8046.999, -300.000, 3.68804931640625E-09
8046.499, -300.500, 3.68988037109375E-09
8045.999, -301.000, 3.68927001953125E-09
8045.499, -301.500, 3.687744140625E-09
8044.999, -302.000, 3.68865966796875E-09
8044.499, -302.500, 3.68804931640625E-09
8043.999, -303.000, 3.690185546875E-09
8043.499, -303.500, 3.6895751953125E-09
8042.999, -304.000, 3.6871337890625E-09
8042.499, -304.500, 3.68865966796875E-09
8041.999, -305.000, 3.68896484375E-09
8041.499, -305.500, 3.68927001953125E-09
8040.999, -306.000, 3.687744140625E-09
8040.499, -306.500, 3.68896484375E-09
8039.999, -307.000, 3.6871337890625E-09
8039.499, -307.500, 3.6883544921875E-09
8038.999, -308.000, 3.6883544921875E-09
8038.499, -308.500, 3.6871337890625E-09
8037.999, -309.000, 3.68865966796875E-09
8037.499, -309.500, 3.687744140625E-09
8036.999, -310.000, 3.68804931640625E-09
8036.499, -310.500, 3.6883544921875E-09
8035.999, -311.000, 3.6871337890625E-09
8035.499, -311.500, 3.6859130859375E-09
8034.999, -312.000, 3.68865966796875E-09
8034.499, -312.500, 3.6871337890625E-09
8033.999, -313.000, 3.68743896484375E-09
8033.499, -313.500, 3.68804931640625E-09
8032.999, -314.000, 3.68804931640625E-09
8032.499, -314.500, 3.68682861328125E-09
8031.999, -315.000, 3.6865234375E-09
8031.499, -315.500, 3.6865234375E-09
8030.999, -316.000, 3.6871337890625E-09
8030.499, -316.500, 3.6871337890625E-09
8029.999, -317.000, 3.68743896484375E-09
8029.499, -317.500, 3.6859130859375E-09
8028.999, -318.000, 3.6871337890625E-09
8028.499, -318.500, 3.68682861328125E-09
8027.999, -319.000, 3.6865234375E-09
8027.499, -319.500, 3.6865234375E-09
8026.999, -320.000, 3.68560791015625E-09
8026.499, -320.500, 3.68682861328125E-09
8025.999, -321.000, 3.68621826171875E-09
8025.499, -321.500, 3.6871337890625E-09
8024.999, -322.000, 3.68560791015625E-09
8024.499, -322.500, 3.685302734375E-09
8023.999, -323.000, 3.68621826171875E-09
8023.499, -323.500, 3.68682861328125E-09
8022.999, -324.000, 3.6865234375E-09
8022.499, -324.500, 3.6846923828125E-09
8021.999, -325.000, 3.68560791015625E-09
8021.499, -325.500, 3.68682861328125E-09
8020.999, -326.000, 3.6871337890625E-09
8020.499, -326.500, 3.68621826171875E-09
8019.999, -327.000, 3.68560791015625E-09
8019.499, -327.500, 3.6865234375E-09
8018.999, -328.000, 3.68438720703125E-09
8018.499, -328.500, 3.6859130859375E-09
8017.999, -329.000, 3.687744140625E-09
8017.499, -329.500, 3.68682861328125E-09
8016.999, -330.000, 3.6859130859375E-09
8016.499, -330.500, 3.68499755859375E-09
8015.999, -331.000, 3.685302734375E-09
8015.499, -331.500, 3.6865234375E-09
8014.999, -332.000, 3.68560791015625E-09
8014.499, -332.500, 3.68682861328125E-09
8013.999, -333.000, 3.68499755859375E-09
8013.499, -333.500, 3.685302734375E-09
8012.999, -334.000, 3.68682861328125E-09
8012.499, -334.500, 3.6865234375E-09
8011.999, -335.000, 3.68438720703125E-09
8011.499, -335.500, 3.685302734375E-09
8010.999, -336.000, 3.68438720703125E-09
8010.499, -336.500, 3.68743896484375E-09
8009.999, -337.000, 3.685302734375E-09
8009.499, -337.500, 3.6846923828125E-09
8008.999, -338.000, 3.6846923828125E-09
8008.499, -338.500, 3.6865234375E-09
8007.999, -339.000, 3.68743896484375E-09
8007.499, -339.500, 3.68682861328125E-09
8006.999, -340.000, 3.6859130859375E-09
8006.499, -340.500, 3.68621826171875E-09
8005.999, -341.000, 3.68621826171875E-09
8005.499, -341.500, 3.6865234375E-09
8004.999, -342.000, 3.6859130859375E-09
8004.499, -342.500, 3.68743896484375E-09
8003.999, -343.000, 3.687744140625E-09
8003.499, -343.500, 3.68682861328125E-09
8002.999, -344.000, 3.6871337890625E-09
8002.499, -344.500, 3.6883544921875E-09
8001.999, -345.000, 3.68682861328125E-09
8001.499, -345.500, 3.6865234375E-09
8000.999, -346.000, 3.687744140625E-09
8000.499, -346.500, 3.68865966796875E-09
7999.999, -347.000, 3.68743896484375E-09
7999.499, -347.500, 3.68682861328125E-09
7998.999, -348.000, 3.68865966796875E-09
7998.499, -348.500, 3.68896484375E-09
7997.999, -349.000, 3.68927001953125E-09
7997.499, -349.500, 3.687744140625E-09
7996.999, -350.000, 3.68865966796875E-09
7996.499, -350.500, 3.69049072265625E-09
7995.999, -351.000, 3.6883544921875E-09
7995.499, -351.500, 3.6895751953125E-09
7994.999, -352.000, 3.6895751953125E-09
7994.499, -352.500, 3.69049072265625E-09
7993.999, -353.000, 3.69049072265625E-09
7993.499, -353.500, 3.6895751953125E-09
7992.999, -354.000, 3.690185546875E-09
7992.499, -354.500, 3.69049072265625E-09
7991.999, -355.000, 3.69171142578125E-09
7991.499, -355.500, 3.69232177734375E-09
7990.999, -356.000, 3.69049072265625E-09
7990.499, -356.500, 3.69232177734375E-09
7989.999, -357.000, 3.69354248046875E-09
7989.499, -357.500, 3.69293212890625E-09
7988.999, -358.000, 3.69354248046875E-09
7988.499, -358.500, 3.6920166015625E-09
7987.999, -359.000, 3.6907958984375E-09
7987.499, -359.500, 3.6932373046875E-09
7986.999, -360.000, 3.69293212890625E-09
7986.499, -360.500, 3.692626953125E-09
7985.999, -361.000, 3.69384765625E-09
7985.499, -361.500, 3.69384765625E-09
7984.999, -362.000, 3.69537353515625E-09
7984.499, -362.500, 3.6944580078125E-09
7983.999, -363.000, 3.6944580078125E-09
7983.499, -363.500, 3.6968994140625E-09
7982.999, -364.000, 3.69659423828125E-09
7982.499, -364.500, 3.69598388671875E-09
7981.999, -365.000, 3.6968994140625E-09
7981.499, -365.500, 3.69781494140625E-09
7980.999, -366.000, 3.69781494140625E-09
7980.499, -366.500, 3.69964599609375E-09
7979.999, -367.000, 3.69873046875E-09
7979.499, -367.500, 3.6981201171875E-09
7978.999, -368.000, 3.69903564453125E-09
7978.499, -368.500, 3.699951171875E-09
7977.999, -369.000, 3.69964599609375E-09
7977.499, -369.500, 3.7005615234375E-09
7976.999, -370.000, 3.7017822265625E-09
7976.499, -370.500, 3.701171875E-09
7975.999, -371.000, 3.702392578125E-09
7975.499, -371.500, 3.70330810546875E-09
7974.999, -372.000, 3.70208740234375E-09
7974.499, -372.500, 3.70330810546875E-09
7973.999, -373.000, 3.70361328125E-09
7973.499, -373.500, 3.70391845703125E-09
7972.999, -374.000, 3.70452880859375E-09
7972.499, -374.500, 3.7054443359375E-09
7971.999, -375.000, 3.70513916015625E-09
7971.499, -375.500, 3.7054443359375E-09
7970.999, -376.000, 3.7066650390625E-09
7970.499, -376.500, 3.70635986328125E-09
7969.999, -377.000, 3.70758056640625E-09
7969.499, -377.500, 3.707275390625E-09
7968.999, -378.000, 3.70819091796875E-09
7968.499, -378.500, 3.70849609375E-09
7967.999, -379.000, 3.7103271484375E-09
7967.499, -379.500, 3.709716796875E-09
7966.999, -380.000, 3.71185302734375E-09
7966.499, -380.500, 3.712158203125E-09
7965.999, -381.000, 3.71185302734375E-09
7965.499, -381.500, 3.71429443359375E-09
7964.999, -382.000, 3.71337890625E-09
7964.499, -382.500, 3.71368408203125E-09
7963.999, -383.000, 3.71551513671875E-09
7963.499, -383.500, 3.71490478515625E-09
7962.999, -384.000, 3.717041015625E-09
7962.499, -384.500, 3.71673583984375E-09
7961.999, -385.000, 3.71734619140625E-09
7961.499, -385.500, 3.7176513671875E-09
7960.999, -386.000, 3.72039794921875E-09
7960.499, -386.500, 3.7200927734375E-09
7959.999, -387.000, 3.719482421875E-09
7959.499, -387.500, 3.7213134765625E-09
7958.999, -388.000, 3.72161865234375E-09
7958.499, -388.500, 3.72283935546875E-09
7957.999, -389.000, 3.721923828125E-09
7957.499, -389.500, 3.72314453125E-09
7956.999, -390.000, 3.724365234375E-09
7956.499, -390.500, 3.72589111328125E-09
7955.999, -391.000, 3.72650146484375E-09
7955.499, -391.500, 3.72650146484375E-09
7954.999, -392.000, 3.72650146484375E-09
7954.499, -392.500, 3.72894287109375E-09
7953.999, -393.000, 3.72955322265625E-09
7953.499, -393.500, 3.73016357421875E-09
7952.999, -394.000, 3.73046875E-09
7952.499, -394.500, 3.7310791015625E-09
7951.999, -395.000, 3.7335205078125E-09
7951.499, -395.500, 3.73321533203125E-09
7950.999, -396.000, 3.73504638671875E-09
7950.499, -396.500, 3.7359619140625E-09
7949.999, -397.000, 3.73687744140625E-09
7949.499, -397.500, 3.7384033203125E-09
7948.999, -398.000, 3.739013671875E-09
7948.499, -398.500, 3.74053955078125E-09
7947.999, -399.000, 3.741455078125E-09
7947.499, -399.500, 3.74298095703125E-09
7946.999, -400.000, 3.7432861328125E-09
7946.499, -400.500, 3.74542236328125E-09
7945.999, -401.000, 3.74603271484375E-09
7945.499, -401.500, 3.74725341796875E-09
7944.999, -402.000, 3.74664306640625E-09
7944.499, -402.500, 3.74908447265625E-09
7943.999, -403.000, 3.75030517578125E-09
7943.499, -403.500, 3.7506103515625E-09
7942.999, -404.000, 3.75244140625E-09
7942.499, -404.500, 3.7542724609375E-09
7941.999, -405.000, 3.75640869140625E-09
7941.499, -405.500, 3.7567138671875E-09
7940.999, -406.000, 3.75701904296875E-09
7940.499, -406.500, 3.759765625E-09
7939.999, -407.000, 3.760986328125E-09
7939.499, -407.500, 3.76190185546875E-09
7938.999, -408.000, 3.76190185546875E-09
7938.499, -408.500, 3.7640380859375E-09
7937.999, -409.000, 3.765869140625E-09
7937.499, -409.500, 3.76708984375E-09
7936.999, -410.000, 3.76800537109375E-09
7936.499, -410.500, 3.76953125E-09
7935.999, -411.000, 3.770751953125E-09
7935.499, -411.500, 3.7725830078125E-09
7934.999, -412.000, 3.7738037109375E-09
7934.499, -412.500, 3.77716064453125E-09
7933.999, -413.000, 3.778076171875E-09
7933.499, -413.500, 3.7786865234375E-09
7932.999, -414.000, 3.7799072265625E-09
7932.499, -414.500, 3.7823486328125E-09
7931.999, -415.000, 3.78387451171875E-09
7931.499, -415.500, 3.785400390625E-09
7930.999, -416.000, 3.78631591796875E-09
7930.499, -416.500, 3.787841796875E-09
7929.999, -417.000, 3.79150390625E-09
7929.499, -417.500, 3.792724609375E-09
7928.999, -418.000, 3.7939453125E-09
7928.499, -418.500, 3.7969970703125E-09
7927.999, -419.000, 3.798828125E-09
7927.499, -419.500, 3.80096435546875E-09
7926.999, -420.000, 3.80126953125E-09
7926.499, -420.500, 3.80157470703125E-09
7925.999, -421.000, 3.80645751953125E-09
7925.499, -421.500, 3.81011962890625E-09
7924.999, -422.000, 3.8092041015625E-09
7924.499, -422.500, 3.81256103515625E-09
7923.999, -423.000, 3.81500244140625E-09
7923.499, -423.500, 3.81805419921875E-09
7922.999, -424.000, 3.8201904296875E-09
7922.499, -424.500, 3.8232421875E-09
7921.999, -425.000, 3.824462890625E-09
7921.499, -425.500, 3.82843017578125E-09
7920.999, -426.000, 3.83026123046875E-09
7920.499, -426.500, 3.83148193359375E-09
7919.999, -427.000, 3.83575439453125E-09
7919.499, -427.500, 3.83880615234375E-09
7918.999, -428.000, 3.84002685546875E-09
7918.499, -428.500, 3.84368896484375E-09
7917.999, -429.000, 3.8458251953125E-09
7917.499, -429.500, 3.84765625E-09
7916.999, -430.000, 3.8525390625E-09
7916.499, -430.500, 3.85467529296875E-09
7915.999, -431.000, 3.85772705078125E-09
7915.499, -431.500, 3.86138916015625E-09
7914.999, -432.000, 3.86383056640625E-09
7914.499, -432.500, 3.86871337890625E-09
7913.999, -433.000, 3.8720703125E-09
7913.499, -433.500, 3.8763427734375E-09
7912.999, -434.000, 3.8775634765625E-09
7912.499, -434.500, 3.88214111328125E-09
7911.999, -435.000, 3.88458251953125E-09
7911.499, -435.500, 3.890380859375E-09
7910.999, -436.000, 3.8916015625E-09
7910.499, -436.500, 3.8958740234375E-09
7909.999, -437.000, 3.89984130859375E-09
7909.499, -437.500, 3.90411376953125E-09
7908.999, -438.000, 3.90899658203125E-09
7908.499, -438.500, 3.91143798828125E-09
7907.999, -439.000, 3.917236328125E-09
7907.499, -439.500, 3.922119140625E-09
7906.999, -440.000, 3.9263916015625E-09
7906.499, -440.500, 3.929443359375E-09
7905.999, -441.000, 3.93524169921875E-09
7905.499, -441.500, 3.9410400390625E-09
7904.999, -442.000, 3.9471435546875E-09
7904.499, -442.500, 3.951416015625E-09
7903.999, -443.000, 3.9569091796875E-09
7903.499, -443.500, 3.96209716796875E-09
7902.999, -444.000, 3.96759033203125E-09
7902.499, -444.500, 3.97430419921875E-09
7901.999, -445.000, 3.97979736328125E-09
7901.499, -445.500, 3.98681640625E-09
7900.999, -446.000, 3.99139404296875E-09
7900.499, -446.500, 3.99932861328125E-09
7899.999, -447.000, 4.00634765625E-09
7899.499, -447.500, 4.01123046875E-09
7898.999, -448.000, 4.01885986328125E-09
7898.499, -448.500, 4.0264892578125E-09
7897.999, -449.000, 4.0325927734375E-09
7897.499, -449.500, 4.039306640625E-09
7896.999, -450.000, 4.04937744140625E-09
7896.499, -450.500, 4.05792236328125E-09
7895.999, -451.000, 4.063720703125E-09
7895.499, -451.500, 4.0740966796875E-09
7894.999, -452.000, 4.08203125E-09
7894.499, -452.500, 4.09027099609375E-09
7893.999, -453.000, 4.10369873046875E-09
7893.499, -453.500, 4.11376953125E-09
7892.999, -454.000, 4.1229248046875E-09
7892.499, -454.500, 4.13360595703125E-09
7891.999, -455.000, 4.1455078125E-09
7891.499, -455.500, 4.1558837890625E-09
7890.999, -456.000, 4.1656494140625E-09
7890.499, -456.500, 4.17999267578125E-09
7889.999, -457.000, 4.1937255859375E-09
7889.499, -457.500, 4.205322265625E-09
7888.999, -458.000, 4.21783447265625E-09
7888.499, -458.500, 4.23126220703125E-09
7887.999, -459.000, 4.2474365234375E-09
7887.499, -459.500, 4.263916015625E-09
7886.999, -460.000, 4.27886962890625E-09
7886.499, -460.500, 4.2962646484375E-09
7885.999, -461.000, 4.31610107421875E-09
7885.499, -461.500, 4.33380126953125E-09
7884.999, -462.000, 4.3536376953125E-09
7884.499, -462.500, 4.37530517578125E-09
7883.999, -463.000, 4.39605712890625E-09
7883.499, -463.500, 4.420166015625E-09
7882.999, -464.000, 4.44427490234375E-09
7882.499, -464.500, 4.4708251953125E-09
7881.999, -465.000, 4.49676513671875E-09
7881.499, -465.500, 4.52484130859375E-09
7880.999, -466.000, 4.5526123046875E-09
7880.499, -466.500, 4.58404541015625E-09
7879.999, -467.000, 4.61578369140625E-09
7879.499, -467.500, 4.64874267578125E-09
7878.999, -468.000, 4.6844482421875E-09
7878.499, -468.500, 4.7216796875E-09
7877.999, -469.000, 4.7637939453125E-09
7877.499, -469.500, 4.80560302734375E-09
7876.999, -470.000, 4.8529052734375E-09
7876.499, -470.500, 4.9072265625E-09
7875.999, -471.000, 4.9652099609375E-09
7875.499, -471.500, 5.0262451171875E-09
7874.999, -472.000, 5.09033203125E-09
7874.499, -472.500, 5.1605224609375E-09
7873.999, -473.000, 5.2337646484375E-09
7873.499, -473.500, 5.3192138671875E-09
7872.999, -474.000, 5.40771484375E-09
7872.499, -474.500, 5.50537109375E-09
7871.999, -475.000, 5.6121826171875E-09
7871.499, -475.500, 5.731201171875E-09
7870.999, -476.000, 5.859375E-09
7870.499, -476.500, 6.0089111328125E-09
7869.999, -477.000, 6.1676025390625E-09
7869.499, -477.500, 6.341552734375E-09
7868.999, -478.000, 6.5399169921875E-09
7868.499, -478.500, 6.7718505859375E-09
7867.999, -479.000, 7.037353515625E-09
7867.499, -479.500, 7.3486328125E-09
7866.999, -480.000, 7.7239990234375E-09
7866.499, -480.500, 8.184814453125E-09
7865.999, -481.000, 8.7432861328125E-09
7865.499, -481.500, 9.039306640625E-09
7864.999, -482.000, 9.11865234375E-09
7864.499, -482.500, 9.1766357421875E-09
7863.999, -483.000, 9.2315673828125E-09
7863.499, -483.500, 9.27734375E-09
7862.999, -484.000, 9.320068359375E-09
7862.499, -484.500, 9.3597412109375E-09
7861.999, -485.000, 9.3963623046875E-09
7861.499, -485.500, 9.429931640625E-09
7860.999, -486.000, 9.4635009765625E-09
7860.499, -486.500, 9.4940185546875E-09
7859.999, -487.000, 9.5245361328125E-09
7859.499, -487.500, 9.5550537109375E-09
7858.999, -488.000, 9.58251953125E-09
7858.499, -488.500, 9.613037109375E-09
7857.999, -489.000, 9.6405029296875E-09
7857.499, -489.500, 9.6710205078125E-09
7856.999, -490.000, 9.7015380859375E-09
7856.499, -490.500, 9.7320556640625E-09
7855.999, -491.000, 9.759521484375E-09
7855.499, -491.500, 9.7930908203125E-09
7854.999, -492.000, 9.8236083984375E-09
7854.499, -492.500, 9.85107421875E-09
7853.999, -493.000, 9.8785400390625E-09
7853.499, -493.500, 9.912109375E-09
7852.999, -494.000, 9.9395751953125E-09
7852.499, -494.500, 9.9639892578125E-09
7851.999, -495.000, 9.9945068359375E-09
7851.499, -495.500, 1.002197265625E-08
7850.999, -496.000, 1.004638671875E-08
7850.499, -496.500, 1.00738525390625E-08
7849.999, -497.000, 1.00982666015625E-08
7849.499, -497.500, 1.01226806640625E-08
7848.999, -498.000, 1.01470947265625E-08
7848.499, -498.500, 1.01715087890625E-08
7847.999, -499.000, 1.01959228515625E-08
7847.499, -499.500, 1.0223388671875E-08
7846.999, -500.000, 1.0247802734375E-08
7846.499, -500.500, 1.02691650390625E-08
7845.999, -501.000, 1.02935791015625E-08
7845.499, -501.500, 1.03179931640625E-08
7844.999, -502.000, 1.03363037109375E-08
7844.499, -502.500, 1.0357666015625E-08
7843.999, -503.000, 1.03759765625E-08
7843.499, -503.500, 1.0394287109375E-08
7842.999, -504.000, 1.04095458984375E-08
7842.499, -504.500, 1.04278564453125E-08
7841.999, -505.000, 1.0443115234375E-08
